{
 "cells": [
  {
   "cell_type": "code",
   "execution_count": 1,
   "metadata": {
    "collapsed": true
   },
   "outputs": [
    {
     "name": "stderr",
     "output_type": "stream",
     "text": [
      "2023-02-17 16:51:27.469874: I tensorflow/core/platform/cpu_feature_guard.cc:193] This TensorFlow binary is optimized with oneAPI Deep Neural Network Library (oneDNN) to use the following CPU instructions in performance-critical operations:  AVX2 FMA\n",
      "To enable them in other operations, rebuild TensorFlow with the appropriate compiler flags.\n",
      "2023-02-17 16:51:27.954428: W tensorflow/compiler/xla/stream_executor/platform/default/dso_loader.cc:64] Could not load dynamic library 'libnvinfer.so.7'; dlerror: libnvinfer.so.7: cannot open shared object file: No such file or directory\n",
      "2023-02-17 16:51:27.954479: W tensorflow/compiler/xla/stream_executor/platform/default/dso_loader.cc:64] Could not load dynamic library 'libnvinfer_plugin.so.7'; dlerror: libnvinfer_plugin.so.7: cannot open shared object file: No such file or directory\n",
      "2023-02-17 16:51:27.954484: W tensorflow/compiler/tf2tensorrt/utils/py_utils.cc:38] TF-TRT Warning: Cannot dlopen some TensorRT libraries. If you would like to use Nvidia GPU with TensorRT, please make sure the missing libraries mentioned above are installed properly.\n"
     ]
    }
   ],
   "source": [
    "from network_models.soundsream_models_and_utils.encoder.ss_encoder_downmapping import EncoderDownmapping\n",
    "from network_models.soundsream_models_and_utils.ss_encoded_dataset import ss_encoded_dataset_full\n",
    "import torch\n",
    "import gc\n",
    "\n",
    "device = \"cuda\" if torch.cuda.is_available() else \"cpu\"\n",
    "batch_size = 8\n",
    "models_dir = \"/home/ckwdani/Programming/Projects/masterarbeit/Jupyter/mainProject/notebooks/content/encoder/0_0213/\"\n",
    "epochs =200\n",
    "save_every = 40\n",
    "start_lr = 2e-6\n",
    "gc.collect()\n",
    "\n",
    "data_set= ss_encoded_dataset_full(\n",
    "    csvPath=\"/home/ckwdani/Programming/Projects/masterarbeit/Jupyter/mainProject/notebooks/content/data/allEncodings.pkl\", device=device)\n",
    "\n",
    "enc_model = EncoderDownmapping(embed_dim=512, n_heads=4, ff_dim=2, n_layers=1, dropout=0.2, output=1024, max_seq_len=175).to(device)\n",
    "\n"
   ]
  },
  {
   "cell_type": "code",
   "execution_count": 2,
   "outputs": [
    {
     "name": "stdout",
     "output_type": "stream",
     "text": [
      "Epoch 1\n",
      "-------------------------------\n",
      "loss: 1.672531  [    0/ 6092]\n",
      "tensor([[0.4633, 0.0551, 0.0717, 0.0468, 0.0506, 0.1057, 0.0583, 0.0705],\n",
      "        [0.0484, 0.5810, 0.0597, 0.0451, 0.0316, 0.0535, 0.0433, 0.0417],\n",
      "        [0.0734, 0.0699, 0.5012, 0.0469, 0.0381, 0.0885, 0.0577, 0.0690],\n",
      "        [0.0378, 0.0412, 0.0370, 0.6091, 0.0332, 0.0492, 0.0370, 0.0366],\n",
      "        [0.0520, 0.0370, 0.0385, 0.0426, 0.6623, 0.0607, 0.0372, 0.0403],\n",
      "        [0.1399, 0.0796, 0.1140, 0.0804, 0.0777, 0.4206, 0.0933, 0.1098],\n",
      "        [0.0706, 0.0598, 0.0683, 0.0557, 0.0436, 0.0861, 0.5775, 0.0715],\n",
      "        [0.1145, 0.0764, 0.1096, 0.0734, 0.0630, 0.1356, 0.0958, 0.5607]],\n",
      "       device='cuda:0', grad_fn=<SoftmaxBackward0>)\n",
      "loss: 1.867853  [  800/ 6092]\n",
      "tensor([[0.3800, 0.1154, 0.0928, 0.1075, 0.0956, 0.1035, 0.1044, 0.1259],\n",
      "        [0.0780, 0.2763, 0.0742, 0.0833, 0.0747, 0.0748, 0.0803, 0.0914],\n",
      "        [0.0755, 0.0892, 0.3804, 0.0856, 0.0847, 0.0952, 0.0698, 0.0846],\n",
      "        [0.0979, 0.1123, 0.0959, 0.3352, 0.0983, 0.0904, 0.1049, 0.1202],\n",
      "        [0.0834, 0.0963, 0.0908, 0.0941, 0.3695, 0.0945, 0.0807, 0.1057],\n",
      "        [0.0986, 0.1054, 0.1119, 0.0946, 0.1034, 0.3613, 0.1009, 0.1119],\n",
      "        [0.0771, 0.0877, 0.0635, 0.0849, 0.0685, 0.0782, 0.3508, 0.0918],\n",
      "        [0.1093, 0.1176, 0.0904, 0.1147, 0.1054, 0.1020, 0.1082, 0.2685]],\n",
      "       device='cuda:0', grad_fn=<SoftmaxBackward0>)\n",
      "loss: 1.766444  [ 1600/ 6092]\n",
      "tensor([[0.4582, 0.0500, 0.0576, 0.0564, 0.0673, 0.0633, 0.0604, 0.0527],\n",
      "        [0.0647, 0.5320, 0.0706, 0.0711, 0.0628, 0.0674, 0.0621, 0.0718],\n",
      "        [0.0852, 0.0808, 0.3951, 0.0992, 0.0803, 0.1335, 0.1042, 0.1187],\n",
      "        [0.0602, 0.0586, 0.0713, 0.4398, 0.0591, 0.0713, 0.0655, 0.0642],\n",
      "        [0.0836, 0.0600, 0.0671, 0.0684, 0.5116, 0.0669, 0.0639, 0.0620],\n",
      "        [0.0901, 0.0739, 0.1280, 0.0951, 0.0768, 0.3730, 0.1229, 0.1063],\n",
      "        [0.0834, 0.0660, 0.0969, 0.0846, 0.0711, 0.1188, 0.4280, 0.0904],\n",
      "        [0.0746, 0.0787, 0.1133, 0.0853, 0.0710, 0.1059, 0.0930, 0.4338]],\n",
      "       device='cuda:0', grad_fn=<SoftmaxBackward0>)\n",
      "loss: 1.774530  [ 2400/ 6092]\n",
      "tensor([[0.4727, 0.0644, 0.0908, 0.0848, 0.0949, 0.0521, 0.0728, 0.0702],\n",
      "        [0.0695, 0.5298, 0.0860, 0.0800, 0.0918, 0.0435, 0.0760, 0.0658],\n",
      "        [0.0923, 0.0809, 0.3764, 0.0963, 0.1248, 0.0522, 0.0939, 0.0939],\n",
      "        [0.0757, 0.0663, 0.0846, 0.4170, 0.0861, 0.0519, 0.0821, 0.0675],\n",
      "        [0.1052, 0.0942, 0.1364, 0.1067, 0.3093, 0.0679, 0.1403, 0.1303],\n",
      "        [0.0423, 0.0330, 0.0421, 0.0471, 0.0501, 0.6172, 0.0500, 0.0436],\n",
      "        [0.0795, 0.0769, 0.1011, 0.1006, 0.1384, 0.0674, 0.3828, 0.1254],\n",
      "        [0.0627, 0.0545, 0.0826, 0.0675, 0.1046, 0.0479, 0.1019, 0.4034]],\n",
      "       device='cuda:0', grad_fn=<SoftmaxBackward0>)\n",
      "loss: 1.736014  [ 3200/ 6092]\n",
      "tensor([[0.6579, 0.0563, 0.0580, 0.0591, 0.0562, 0.0665, 0.0563, 0.0679],\n",
      "        [0.0447, 0.4069, 0.0783, 0.0792, 0.0874, 0.0760, 0.1029, 0.1021],\n",
      "        [0.0379, 0.0641, 0.4933, 0.0472, 0.0547, 0.0516, 0.0670, 0.0671],\n",
      "        [0.0498, 0.0838, 0.0606, 0.4710, 0.0952, 0.0666, 0.0771, 0.1030],\n",
      "        [0.0494, 0.0969, 0.0738, 0.0997, 0.4614, 0.0751, 0.0872, 0.0975],\n",
      "        [0.0614, 0.0880, 0.0728, 0.0727, 0.0785, 0.5141, 0.0787, 0.0949],\n",
      "        [0.0418, 0.0959, 0.0766, 0.0680, 0.0735, 0.0635, 0.4399, 0.0802],\n",
      "        [0.0571, 0.1081, 0.0867, 0.1031, 0.0931, 0.0867, 0.0908, 0.3872]],\n",
      "       device='cuda:0', grad_fn=<SoftmaxBackward0>)\n",
      "loss: 1.771014  [ 4000/ 6092]\n",
      "tensor([[0.3876, 0.0507, 0.0810, 0.0515, 0.0720, 0.0849, 0.1216, 0.1053],\n",
      "        [0.0526, 0.6089, 0.0476, 0.0534, 0.0639, 0.0525, 0.0605, 0.0512],\n",
      "        [0.1026, 0.0579, 0.4740, 0.0699, 0.0853, 0.1002, 0.1197, 0.1072],\n",
      "        [0.0489, 0.0488, 0.0524, 0.5484, 0.0589, 0.0583, 0.0651, 0.0654],\n",
      "        [0.0778, 0.0671, 0.0730, 0.0675, 0.4604, 0.0848, 0.0949, 0.0878],\n",
      "        [0.0846, 0.0505, 0.0788, 0.0614, 0.0781, 0.4032, 0.1076, 0.0914],\n",
      "        [0.1438, 0.0684, 0.1112, 0.0807, 0.1029, 0.1273, 0.3104, 0.1464],\n",
      "        [0.1020, 0.0477, 0.0820, 0.0671, 0.0786, 0.0889, 0.1201, 0.3454]],\n",
      "       device='cuda:0', grad_fn=<SoftmaxBackward0>)\n",
      "loss: 1.758047  [ 4800/ 6092]\n",
      "tensor([[0.4426, 0.0716, 0.0957, 0.1054, 0.0907, 0.0699, 0.0653, 0.0869],\n",
      "        [0.0698, 0.5102, 0.0874, 0.0852, 0.0763, 0.0560, 0.0612, 0.0658],\n",
      "        [0.0874, 0.0820, 0.3659, 0.1056, 0.0987, 0.0632, 0.0754, 0.0892],\n",
      "        [0.1049, 0.0871, 0.1151, 0.3789, 0.1096, 0.0715, 0.0786, 0.0854],\n",
      "        [0.0871, 0.0752, 0.1037, 0.1056, 0.4037, 0.0725, 0.0649, 0.0886],\n",
      "        [0.0647, 0.0533, 0.0642, 0.0667, 0.0699, 0.5487, 0.0585, 0.0604],\n",
      "        [0.0500, 0.0480, 0.0630, 0.0603, 0.0518, 0.0482, 0.5224, 0.0525],\n",
      "        [0.0934, 0.0725, 0.1050, 0.0923, 0.0993, 0.0700, 0.0738, 0.4711]],\n",
      "       device='cuda:0', grad_fn=<SoftmaxBackward0>)\n",
      "loss: 1.745235  [ 5600/ 6092]\n",
      "tensor([[0.5084, 0.0600, 0.0809, 0.0617, 0.0723, 0.0708, 0.0619, 0.0762],\n",
      "        [0.0524, 0.5333, 0.0693, 0.0485, 0.0493, 0.0521, 0.0419, 0.0800],\n",
      "        [0.0774, 0.0762, 0.3810, 0.0811, 0.0765, 0.0761, 0.0696, 0.1195],\n",
      "        [0.0654, 0.0587, 0.0901, 0.4482, 0.1129, 0.1010, 0.0592, 0.0897],\n",
      "        [0.0734, 0.0571, 0.0812, 0.1077, 0.4622, 0.0821, 0.0492, 0.0830],\n",
      "        [0.0776, 0.0651, 0.0872, 0.1043, 0.0887, 0.4579, 0.0716, 0.0947],\n",
      "        [0.0622, 0.0482, 0.0732, 0.0562, 0.0489, 0.0657, 0.5726, 0.0682],\n",
      "        [0.0832, 0.1013, 0.1372, 0.0923, 0.0893, 0.0945, 0.0740, 0.3885]],\n",
      "       device='cuda:0', grad_fn=<SoftmaxBackward0>)\n",
      "Epoch 2\n",
      "-------------------------------\n",
      "loss: 1.807805  [    0/ 6092]\n",
      "tensor([[0.3038, 0.1314, 0.1238, 0.0983, 0.1129, 0.1128, 0.1585, 0.1219],\n",
      "        [0.0835, 0.3894, 0.0611, 0.0573, 0.0562, 0.0535, 0.0753, 0.0621],\n",
      "        [0.1031, 0.0796, 0.4091, 0.0634, 0.0896, 0.0743, 0.0933, 0.0795],\n",
      "        [0.0695, 0.0633, 0.0538, 0.5028, 0.0516, 0.0536, 0.0644, 0.0572],\n",
      "        [0.1054, 0.0818, 0.1003, 0.0678, 0.4418, 0.0905, 0.0992, 0.0828],\n",
      "        [0.0911, 0.0673, 0.0719, 0.0611, 0.0783, 0.4272, 0.0862, 0.0893],\n",
      "        [0.1429, 0.1069, 0.1012, 0.0824, 0.0961, 0.0965, 0.3370, 0.0939],\n",
      "        [0.1007, 0.0803, 0.0788, 0.0669, 0.0735, 0.0916, 0.0860, 0.4134]],\n",
      "       device='cuda:0', grad_fn=<SoftmaxBackward0>)\n",
      "loss: 1.670245  [  800/ 6092]\n",
      "tensor([[0.4009, 0.1044, 0.0879, 0.0501, 0.0965, 0.0480, 0.0664, 0.0362],\n",
      "        [0.1232, 0.4209, 0.1045, 0.0657, 0.1014, 0.0555, 0.0836, 0.0424],\n",
      "        [0.1074, 0.1084, 0.4538, 0.0549, 0.1140, 0.0546, 0.0785, 0.0459],\n",
      "        [0.0616, 0.0685, 0.0556, 0.6585, 0.0521, 0.0430, 0.0462, 0.0267],\n",
      "        [0.1198, 0.1067, 0.1156, 0.0522, 0.4728, 0.0517, 0.0780, 0.0337],\n",
      "        [0.0663, 0.0654, 0.0621, 0.0484, 0.0579, 0.6780, 0.0480, 0.0322],\n",
      "        [0.0715, 0.0764, 0.0693, 0.0405, 0.0678, 0.0374, 0.5638, 0.0280],\n",
      "        [0.0494, 0.0493, 0.0512, 0.0296, 0.0376, 0.0317, 0.0354, 0.7549]],\n",
      "       device='cuda:0', grad_fn=<SoftmaxBackward0>)\n",
      "loss: 1.706901  [ 1600/ 6092]\n",
      "tensor([[0.5709, 0.0562, 0.0632, 0.0684, 0.0331, 0.0714, 0.0310, 0.0571],\n",
      "        [0.0587, 0.3866, 0.1303, 0.0892, 0.0269, 0.1081, 0.0496, 0.1151],\n",
      "        [0.0681, 0.1346, 0.3564, 0.1037, 0.0312, 0.1150, 0.0544, 0.1229],\n",
      "        [0.0666, 0.0826, 0.0930, 0.4446, 0.0275, 0.0741, 0.0465, 0.0852],\n",
      "        [0.0490, 0.0387, 0.0436, 0.0424, 0.7990, 0.0491, 0.0202, 0.0363],\n",
      "        [0.0764, 0.1099, 0.1133, 0.0813, 0.0351, 0.4194, 0.0394, 0.1053],\n",
      "        [0.0530, 0.0811, 0.0863, 0.0821, 0.0229, 0.0635, 0.7152, 0.0747],\n",
      "        [0.0573, 0.1103, 0.1140, 0.0883, 0.0242, 0.0993, 0.0438, 0.4034]],\n",
      "       device='cuda:0', grad_fn=<SoftmaxBackward0>)\n",
      "loss: 1.708815  [ 2400/ 6092]\n",
      "tensor([[0.5197, 0.0518, 0.1061, 0.0846, 0.0802, 0.0934, 0.0872, 0.0710],\n",
      "        [0.0631, 0.7226, 0.0548, 0.0480, 0.0601, 0.0530, 0.0589, 0.0620],\n",
      "        [0.0791, 0.0334, 0.3468, 0.1110, 0.0767, 0.1188, 0.0948, 0.0615],\n",
      "        [0.0532, 0.0249, 0.0925, 0.4429, 0.0582, 0.0683, 0.0546, 0.0479],\n",
      "        [0.0719, 0.0442, 0.0922, 0.0832, 0.5171, 0.0776, 0.0688, 0.0708],\n",
      "        [0.0743, 0.0346, 0.1265, 0.0868, 0.0690, 0.4422, 0.0731, 0.0601],\n",
      "        [0.0685, 0.0381, 0.0995, 0.0683, 0.0604, 0.0722, 0.4992, 0.0505],\n",
      "        [0.0702, 0.0505, 0.0815, 0.0752, 0.0781, 0.0746, 0.0634, 0.5762]],\n",
      "       device='cuda:0', grad_fn=<SoftmaxBackward0>)\n",
      "loss: 1.804303  [ 3200/ 6092]\n",
      "tensor([[0.3247, 0.0953, 0.1156, 0.0955, 0.0624, 0.0721, 0.0841, 0.0959],\n",
      "        [0.1071, 0.3787, 0.1058, 0.0838, 0.0827, 0.0793, 0.0862, 0.1071],\n",
      "        [0.1152, 0.0938, 0.3517, 0.0924, 0.0692, 0.0675, 0.0666, 0.0876],\n",
      "        [0.1107, 0.0865, 0.1075, 0.4505, 0.0578, 0.0705, 0.0846, 0.0827],\n",
      "        [0.0736, 0.0867, 0.0818, 0.0589, 0.5126, 0.0685, 0.0895, 0.0800],\n",
      "        [0.0854, 0.0837, 0.0802, 0.0721, 0.0689, 0.4691, 0.1124, 0.0894],\n",
      "        [0.0848, 0.0775, 0.0674, 0.0736, 0.0766, 0.0955, 0.3917, 0.0834],\n",
      "        [0.0985, 0.0978, 0.0902, 0.0733, 0.0697, 0.0775, 0.0850, 0.3739]],\n",
      "       device='cuda:0', grad_fn=<SoftmaxBackward0>)\n",
      "loss: 1.753364  [ 4000/ 6092]\n",
      "tensor([[0.3961, 0.0749, 0.0450, 0.0898, 0.1252, 0.0521, 0.1022, 0.1096],\n",
      "        [0.0728, 0.5129, 0.0447, 0.0645, 0.0843, 0.0393, 0.0727, 0.0872],\n",
      "        [0.0531, 0.0538, 0.6830, 0.0545, 0.0639, 0.0335, 0.0575, 0.0564],\n",
      "        [0.0818, 0.0605, 0.0424, 0.4563, 0.0935, 0.0419, 0.0749, 0.0882],\n",
      "        [0.1220, 0.0844, 0.0528, 0.1000, 0.2805, 0.0659, 0.1173, 0.1462],\n",
      "        [0.0796, 0.0615, 0.0434, 0.0699, 0.1034, 0.6625, 0.0732, 0.0997],\n",
      "        [0.0889, 0.0651, 0.0427, 0.0716, 0.1046, 0.0419, 0.3911, 0.1001],\n",
      "        [0.1058, 0.0867, 0.0460, 0.0934, 0.1447, 0.0630, 0.1111, 0.3127]],\n",
      "       device='cuda:0', grad_fn=<SoftmaxBackward0>)\n",
      "loss: 1.728106  [ 4800/ 6092]\n",
      "tensor([[0.5488, 0.0463, 0.0656, 0.0401, 0.0758, 0.0689, 0.0720, 0.0621],\n",
      "        [0.0572, 0.5778, 0.0932, 0.0446, 0.0890, 0.0877, 0.0787, 0.0668],\n",
      "        [0.0568, 0.0651, 0.3932, 0.0478, 0.0960, 0.0772, 0.0843, 0.0600],\n",
      "        [0.0643, 0.0577, 0.0886, 0.6760, 0.0905, 0.0912, 0.0694, 0.0666],\n",
      "        [0.0757, 0.0717, 0.1111, 0.0562, 0.3541, 0.1099, 0.1033, 0.0923],\n",
      "        [0.0591, 0.0605, 0.0763, 0.0485, 0.0938, 0.4000, 0.0719, 0.0656],\n",
      "        [0.0769, 0.0676, 0.1039, 0.0459, 0.1101, 0.0895, 0.4457, 0.0808],\n",
      "        [0.0613, 0.0533, 0.0683, 0.0410, 0.0908, 0.0756, 0.0748, 0.5058]],\n",
      "       device='cuda:0', grad_fn=<SoftmaxBackward0>)\n",
      "loss: 1.738538  [ 5600/ 6092]\n",
      "tensor([[0.4133, 0.0255, 0.0533, 0.0807, 0.0610, 0.0800, 0.0485, 0.0745],\n",
      "        [0.0523, 0.7651, 0.0479, 0.0578, 0.0487, 0.0619, 0.0436, 0.0577],\n",
      "        [0.0889, 0.0388, 0.5281, 0.0967, 0.0824, 0.1170, 0.0839, 0.0965],\n",
      "        [0.0904, 0.0315, 0.0644, 0.4122, 0.0627, 0.0896, 0.0627, 0.0765],\n",
      "        [0.0879, 0.0340, 0.0709, 0.0809, 0.4814, 0.1107, 0.0680, 0.1097],\n",
      "        [0.0850, 0.0319, 0.0739, 0.0852, 0.0813, 0.2887, 0.0660, 0.1142],\n",
      "        [0.0784, 0.0343, 0.0814, 0.0914, 0.0767, 0.1012, 0.5499, 0.0906],\n",
      "        [0.1038, 0.0388, 0.0800, 0.0951, 0.1058, 0.1508, 0.0773, 0.3803]],\n",
      "       device='cuda:0', grad_fn=<SoftmaxBackward0>)\n",
      "Epoch 3\n",
      "-------------------------------\n",
      "loss: 1.664367  [    0/ 6092]\n",
      "tensor([[0.6137, 0.0897, 0.0421, 0.0479, 0.0411, 0.0619, 0.0432, 0.0778],\n",
      "        [0.0626, 0.2781, 0.0511, 0.0641, 0.0651, 0.0786, 0.0722, 0.0911],\n",
      "        [0.0499, 0.0867, 0.7079, 0.0407, 0.0386, 0.0500, 0.0381, 0.0662],\n",
      "        [0.0569, 0.1094, 0.0407, 0.6226, 0.0440, 0.0776, 0.0654, 0.0862],\n",
      "        [0.0471, 0.1070, 0.0373, 0.0426, 0.6477, 0.0783, 0.0507, 0.0702],\n",
      "        [0.0566, 0.1030, 0.0384, 0.0596, 0.0625, 0.5095, 0.0556, 0.0831],\n",
      "        [0.0501, 0.1206, 0.0372, 0.0639, 0.0514, 0.0708, 0.6227, 0.0749],\n",
      "        [0.0630, 0.1055, 0.0452, 0.0585, 0.0495, 0.0734, 0.0521, 0.4504]],\n",
      "       device='cuda:0', grad_fn=<SoftmaxBackward0>)\n",
      "loss: 1.537478  [  800/ 6092]\n",
      "tensor([[0.6799, 0.0534, 0.0438, 0.0250, 0.0312, 0.0294, 0.0941, 0.0588],\n",
      "        [0.0533, 0.6710, 0.0431, 0.0293, 0.0332, 0.0273, 0.0985, 0.0591],\n",
      "        [0.0448, 0.0443, 0.7371, 0.0214, 0.0259, 0.0201, 0.0651, 0.0611],\n",
      "        [0.0359, 0.0421, 0.0298, 0.8090, 0.0218, 0.0292, 0.0748, 0.0645],\n",
      "        [0.0415, 0.0440, 0.0336, 0.0203, 0.8175, 0.0187, 0.0559, 0.0431],\n",
      "        [0.0382, 0.0355, 0.0254, 0.0264, 0.0182, 0.8063, 0.0842, 0.0444],\n",
      "        [0.0612, 0.0641, 0.0413, 0.0340, 0.0273, 0.0426, 0.4452, 0.0697],\n",
      "        [0.0452, 0.0455, 0.0459, 0.0346, 0.0249, 0.0263, 0.0823, 0.5992]],\n",
      "       device='cuda:0', grad_fn=<SoftmaxBackward0>)\n",
      "loss: 1.575500  [ 1600/ 6092]\n",
      "tensor([[0.7032, 0.0701, 0.0241, 0.0306, 0.0511, 0.0313, 0.0495, 0.0408],\n",
      "        [0.0529, 0.5499, 0.0366, 0.0299, 0.0613, 0.0409, 0.0479, 0.0470],\n",
      "        [0.0315, 0.0641, 0.7296, 0.0347, 0.0615, 0.0587, 0.0573, 0.0509],\n",
      "        [0.0376, 0.0487, 0.0325, 0.7073, 0.0539, 0.0863, 0.0516, 0.0431],\n",
      "        [0.0496, 0.0794, 0.0452, 0.0423, 0.5962, 0.0550, 0.0628, 0.0469],\n",
      "        [0.0337, 0.0591, 0.0487, 0.0771, 0.0621, 0.6273, 0.0523, 0.0549],\n",
      "        [0.0462, 0.0592, 0.0404, 0.0390, 0.0602, 0.0446, 0.6297, 0.0410],\n",
      "        [0.0454, 0.0695, 0.0429, 0.0389, 0.0538, 0.0558, 0.0489, 0.6754]],\n",
      "       device='cuda:0', grad_fn=<SoftmaxBackward0>)\n",
      "loss: 1.508384  [ 2400/ 6092]\n",
      "tensor([[0.8441, 0.0586, 0.0477, 0.0283, 0.0218, 0.0416, 0.0137, 0.0034],\n",
      "        [0.0267, 0.4526, 0.1092, 0.0445, 0.0259, 0.0914, 0.0176, 0.0051],\n",
      "        [0.0243, 0.1224, 0.5361, 0.0360, 0.0310, 0.0831, 0.0164, 0.0050],\n",
      "        [0.0266, 0.0926, 0.0665, 0.7691, 0.0274, 0.0594, 0.0239, 0.0049],\n",
      "        [0.0217, 0.0569, 0.0606, 0.0291, 0.8106, 0.0543, 0.0234, 0.0047],\n",
      "        [0.0247, 0.1198, 0.0971, 0.0374, 0.0324, 0.5935, 0.0247, 0.0028],\n",
      "        [0.0188, 0.0537, 0.0447, 0.0352, 0.0325, 0.0575, 0.8652, 0.0054],\n",
      "        [0.0131, 0.0436, 0.0381, 0.0204, 0.0184, 0.0192, 0.0151, 0.9688]],\n",
      "       device='cuda:0', grad_fn=<SoftmaxBackward0>)\n",
      "loss: 1.485150  [ 3200/ 6092]\n",
      "tensor([[0.6791, 0.0534, 0.0741, 0.0133, 0.0053, 0.0204, 0.0574, 0.0258],\n",
      "        [0.0483, 0.6630, 0.0965, 0.0122, 0.0041, 0.0177, 0.0473, 0.0230],\n",
      "        [0.0532, 0.0771, 0.5007, 0.0145, 0.0057, 0.0198, 0.0613, 0.0296],\n",
      "        [0.0327, 0.0331, 0.0496, 0.9015, 0.0038, 0.0220, 0.0297, 0.0224],\n",
      "        [0.0333, 0.0285, 0.0502, 0.0097, 0.9586, 0.0292, 0.0492, 0.0164],\n",
      "        [0.0399, 0.0379, 0.0541, 0.0176, 0.0090, 0.8436, 0.0536, 0.0178],\n",
      "        [0.0611, 0.0555, 0.0909, 0.0126, 0.0082, 0.0289, 0.6547, 0.0245],\n",
      "        [0.0524, 0.0513, 0.0838, 0.0185, 0.0052, 0.0184, 0.0468, 0.8405]],\n",
      "       device='cuda:0', grad_fn=<SoftmaxBackward0>)\n",
      "loss: 1.437174  [ 4000/ 6092]\n",
      "tensor([[0.8677, 0.0039, 0.0272, 0.0517, 0.0373, 0.0050, 0.0385, 0.0525],\n",
      "        [0.0138, 0.9679, 0.0304, 0.0397, 0.0257, 0.0058, 0.0318, 0.0300],\n",
      "        [0.0190, 0.0060, 0.8382, 0.0434, 0.0301, 0.0041, 0.0276, 0.0282],\n",
      "        [0.0183, 0.0040, 0.0219, 0.6375, 0.0352, 0.0063, 0.0265, 0.0700],\n",
      "        [0.0187, 0.0037, 0.0216, 0.0501, 0.7590, 0.0071, 0.0248, 0.0507],\n",
      "        [0.0136, 0.0044, 0.0155, 0.0485, 0.0384, 0.9570, 0.0261, 0.0561],\n",
      "        [0.0303, 0.0070, 0.0309, 0.0588, 0.0384, 0.0075, 0.7961, 0.0634],\n",
      "        [0.0187, 0.0031, 0.0144, 0.0704, 0.0359, 0.0073, 0.0286, 0.6491]],\n",
      "       device='cuda:0', grad_fn=<SoftmaxBackward0>)\n",
      "loss: 1.392995  [ 4800/ 6092]\n",
      "tensor([[0.9539, 0.0112, 0.0357, 0.0436, 0.0020, 0.0180, 0.0268, 0.0102],\n",
      "        [0.0036, 0.9042, 0.0176, 0.0650, 0.0015, 0.0054, 0.0143, 0.0138],\n",
      "        [0.0106, 0.0171, 0.8251, 0.0905, 0.0011, 0.0146, 0.0428, 0.0122],\n",
      "        [0.0034, 0.0156, 0.0216, 0.5238, 0.0016, 0.0054, 0.0232, 0.0177],\n",
      "        [0.0048, 0.0113, 0.0090, 0.0491, 0.9892, 0.0043, 0.0101, 0.0152],\n",
      "        [0.0122, 0.0121, 0.0337, 0.0502, 0.0013, 0.9384, 0.0232, 0.0071],\n",
      "        [0.0082, 0.0142, 0.0440, 0.1013, 0.0013, 0.0103, 0.8433, 0.0159],\n",
      "        [0.0034, 0.0143, 0.0133, 0.0765, 0.0021, 0.0034, 0.0164, 0.9078]],\n",
      "       device='cuda:0', grad_fn=<SoftmaxBackward0>)\n",
      "loss: 1.409292  [ 5600/ 6092]\n",
      "tensor([[0.9322, 0.0119, 0.0112, 0.0231, 0.0064, 0.0525, 0.0106, 0.0144],\n",
      "        [0.0115, 0.9336, 0.0097, 0.0207, 0.0037, 0.0532, 0.0133, 0.0176],\n",
      "        [0.0097, 0.0087, 0.9112, 0.0198, 0.0095, 0.0713, 0.0132, 0.0201],\n",
      "        [0.0111, 0.0103, 0.0110, 0.8209, 0.0058, 0.1141, 0.0191, 0.0217],\n",
      "        [0.0108, 0.0061, 0.0186, 0.0201, 0.9509, 0.0719, 0.0181, 0.0262],\n",
      "        [0.0097, 0.0102, 0.0152, 0.0435, 0.0079, 0.4531, 0.0282, 0.0266],\n",
      "        [0.0072, 0.0093, 0.0103, 0.0269, 0.0073, 0.1039, 0.8819, 0.0191],\n",
      "        [0.0079, 0.0100, 0.0128, 0.0250, 0.0086, 0.0799, 0.0156, 0.8543]],\n",
      "       device='cuda:0', grad_fn=<SoftmaxBackward0>)\n",
      "Epoch 4\n",
      "-------------------------------\n",
      "loss: 1.399824  [    0/ 6092]\n",
      "tensor([[0.7311, 0.0514, 0.0070, 0.0019, 0.0100, 0.0126, 0.0437, 0.0171],\n",
      "        [0.0423, 0.6841, 0.0059, 0.0019, 0.0145, 0.0078, 0.0458, 0.0183],\n",
      "        [0.0345, 0.0344, 0.9473, 0.0027, 0.0132, 0.0167, 0.0342, 0.0088],\n",
      "        [0.0227, 0.0268, 0.0064, 0.9843, 0.0165, 0.0058, 0.0179, 0.0082],\n",
      "        [0.0277, 0.0496, 0.0075, 0.0040, 0.9022, 0.0110, 0.0452, 0.0114],\n",
      "        [0.0512, 0.0369, 0.0136, 0.0019, 0.0156, 0.9300, 0.0341, 0.0101],\n",
      "        [0.0512, 0.0655, 0.0080, 0.0017, 0.0185, 0.0099, 0.7341, 0.0229],\n",
      "        [0.0394, 0.0512, 0.0043, 0.0016, 0.0095, 0.0061, 0.0449, 0.9033]],\n",
      "       device='cuda:0', grad_fn=<SoftmaxBackward0>)\n",
      "loss: 1.357659  [  800/ 6092]\n",
      "tensor([[5.9027e-01, 8.2252e-04, 3.1196e-02, 9.5596e-03, 4.4277e-04, 1.3352e-02,\n",
      "         5.6455e-03, 3.0910e-03],\n",
      "        [4.2615e-02, 9.9448e-01, 1.3626e-02, 4.9466e-03, 8.2636e-04, 7.6834e-03,\n",
      "         5.7111e-03, 1.8625e-03],\n",
      "        [8.3297e-02, 6.7149e-04, 8.2924e-01, 1.4097e-02, 4.6623e-04, 8.3701e-03,\n",
      "         8.9151e-03, 4.4150e-03],\n",
      "        [6.3783e-02, 6.1241e-04, 3.6313e-02, 9.3461e-01, 3.6234e-04, 6.8783e-03,\n",
      "         9.9723e-03, 5.6932e-03],\n",
      "        [2.4603e-02, 9.0710e-04, 1.0624e-02, 3.3502e-03, 9.9572e-01, 6.7393e-03,\n",
      "         2.9901e-03, 3.8226e-03],\n",
      "        [1.0277e-01, 1.0368e-03, 2.3289e-02, 7.4929e-03, 8.2707e-04, 9.4250e-01,\n",
      "         6.8826e-03, 2.9432e-03],\n",
      "        [5.1420e-02, 9.8533e-04, 3.2293e-02, 1.4105e-02, 4.4871e-04, 8.8216e-03,\n",
      "         9.5404e-01, 3.9133e-03],\n",
      "        [4.1236e-02, 4.8335e-04, 2.3423e-02, 1.1838e-02, 9.0202e-04, 5.6596e-03,\n",
      "         5.8444e-03, 9.7426e-01]], device='cuda:0', grad_fn=<SoftmaxBackward0>)\n",
      "loss: 1.315332  [ 1600/ 6092]\n",
      "tensor([[9.8473e-01, 5.2060e-03, 1.0701e-03, 3.2477e-02, 6.3444e-03, 3.6867e-04,\n",
      "         1.7655e-03, 4.0801e-03],\n",
      "        [2.2365e-03, 9.6636e-01, 1.0630e-03, 2.8790e-02, 6.0036e-03, 4.9005e-04,\n",
      "         1.2813e-03, 3.6408e-03],\n",
      "        [1.5832e-03, 3.5863e-03, 9.8689e-01, 2.5601e-02, 7.0655e-03, 3.3289e-04,\n",
      "         1.1697e-03, 1.5617e-02],\n",
      "        [1.8848e-03, 3.9126e-03, 1.0487e-03, 7.6023e-01, 7.8854e-03, 4.6880e-04,\n",
      "         1.1109e-03, 2.5400e-03],\n",
      "        [2.2371e-03, 4.9233e-03, 1.6502e-03, 5.1601e-02, 9.5562e-01, 4.2156e-04,\n",
      "         8.9220e-04, 4.0520e-03],\n",
      "        [1.8771e-03, 5.9427e-03, 1.1366e-03, 4.4004e-02, 6.1240e-03, 9.9724e-01,\n",
      "         1.1144e-03, 2.5870e-03],\n",
      "        [3.1020e-03, 5.2136e-03, 1.3676e-03, 3.3584e-02, 4.3319e-03, 3.8105e-04,\n",
      "         9.9154e-01, 3.4056e-03],\n",
      "        [2.3485e-03, 4.8545e-03, 5.7766e-03, 2.3714e-02, 6.6252e-03, 2.9490e-04,\n",
      "         1.1220e-03, 9.6408e-01]], device='cuda:0', grad_fn=<SoftmaxBackward0>)\n",
      "loss: 1.309321  [ 2400/ 6092]\n",
      "tensor([[9.7826e-01, 9.9407e-05, 1.1734e-03, 2.6361e-03, 7.4946e-02, 2.2914e-03,\n",
      "         1.1159e-03, 2.6140e-04],\n",
      "        [2.2335e-03, 9.9926e-01, 1.0576e-03, 2.8154e-03, 2.3396e-02, 1.9666e-03,\n",
      "         1.0336e-03, 2.4787e-04],\n",
      "        [3.9508e-03, 1.5023e-04, 9.9392e-01, 2.4146e-03, 3.3428e-02, 2.5629e-03,\n",
      "         1.0171e-03, 3.1118e-04],\n",
      "        [2.6964e-03, 1.2546e-04, 7.4915e-04, 9.7345e-01, 3.0619e-02, 2.4894e-03,\n",
      "         4.4854e-03, 5.4334e-04],\n",
      "        [6.2216e-03, 1.0069e-04, 9.3038e-04, 2.7854e-03, 7.5401e-01, 2.9344e-03,\n",
      "         1.4850e-03, 2.0765e-04],\n",
      "        [2.6070e-03, 9.9565e-05, 8.8161e-04, 2.7593e-03, 3.6581e-02, 9.8257e-01,\n",
      "         1.1754e-03, 4.9606e-04],\n",
      "        [2.2795e-03, 9.3789e-05, 6.3450e-04, 9.4719e-03, 3.3975e-02, 2.1226e-03,\n",
      "         9.8660e-01, 9.5639e-04],\n",
      "        [1.7483e-03, 7.5794e-05, 6.4992e-04, 3.6639e-03, 1.3042e-02, 3.0633e-03,\n",
      "         3.0890e-03, 9.9698e-01]], device='cuda:0', grad_fn=<SoftmaxBackward0>)\n",
      "loss: 1.290717  [ 3200/ 6092]\n",
      "tensor([[9.9391e-01, 4.4426e-04, 9.5112e-04, 3.4305e-03, 4.2926e-03, 4.7599e-03,\n",
      "         5.8040e-03, 3.7174e-03],\n",
      "        [1.0301e-03, 9.9772e-01, 6.3526e-04, 3.2088e-03, 3.6792e-03, 2.8106e-03,\n",
      "         5.8549e-03, 3.4965e-03],\n",
      "        [8.5628e-04, 2.5401e-04, 9.9461e-01, 2.7825e-03, 2.7307e-03, 4.9057e-03,\n",
      "         3.1106e-03, 4.4061e-03],\n",
      "        [5.6033e-04, 2.2710e-04, 4.9623e-04, 9.6856e-01, 5.0760e-03, 4.5899e-03,\n",
      "         3.9800e-03, 2.8139e-03],\n",
      "        [8.4492e-04, 3.1694e-04, 6.0605e-04, 6.8884e-03, 9.7229e-01, 3.4105e-03,\n",
      "         5.1794e-03, 3.2652e-03],\n",
      "        [9.3281e-04, 2.4682e-04, 1.0772e-03, 6.2239e-03, 3.3959e-03, 9.6949e-01,\n",
      "         4.9299e-03, 5.2424e-03],\n",
      "        [1.1333e-03, 4.9343e-04, 6.8359e-04, 5.3348e-03, 5.3177e-03, 4.9881e-03,\n",
      "         9.6792e-01, 3.2554e-03],\n",
      "        [7.3359e-04, 2.9876e-04, 9.4078e-04, 3.5722e-03, 3.2209e-03, 5.0412e-03,\n",
      "         3.2218e-03, 9.7380e-01]], device='cuda:0', grad_fn=<SoftmaxBackward0>)\n",
      "loss: 1.287582  [ 4000/ 6092]\n",
      "tensor([[9.7532e-01, 1.0747e-03, 5.3166e-04, 4.8013e-04, 5.3727e-03, 4.5167e-04,\n",
      "         1.4820e-03, 7.6778e-03],\n",
      "        [3.5678e-03, 9.9197e-01, 6.8924e-04, 6.7203e-04, 4.3079e-03, 4.9841e-04,\n",
      "         1.9005e-03, 7.4500e-03],\n",
      "        [2.7608e-03, 1.0904e-03, 9.9580e-01, 4.8488e-04, 2.3124e-03, 4.5072e-04,\n",
      "         1.1120e-03, 8.7524e-03],\n",
      "        [2.7177e-03, 1.1814e-03, 5.2932e-04, 9.9572e-01, 3.5904e-03, 4.4316e-04,\n",
      "         3.1090e-03, 6.0092e-03],\n",
      "        [4.9252e-03, 1.1846e-03, 4.2553e-04, 5.7648e-04, 9.7494e-01, 2.7618e-04,\n",
      "         1.6098e-03, 7.2348e-03],\n",
      "        [4.1298e-03, 1.3581e-03, 7.7815e-04, 6.8241e-04, 2.4436e-03, 9.9702e-01,\n",
      "         2.5275e-03, 6.8553e-03],\n",
      "        [2.4285e-03, 9.4428e-04, 3.6181e-04, 8.1810e-04, 2.8026e-03, 4.4507e-04,\n",
      "         9.8667e-01, 4.8035e-03],\n",
      "        [4.1494e-03, 1.1968e-03, 8.8707e-04, 5.6295e-04, 4.2300e-03, 4.1234e-04,\n",
      "         1.5918e-03, 9.5122e-01]], device='cuda:0', grad_fn=<SoftmaxBackward0>)\n",
      "loss: 1.290618  [ 4800/ 6092]\n",
      "tensor([[9.7070e-01, 6.3238e-04, 9.3724e-04, 1.7733e-03, 4.6817e-03, 1.1394e-02,\n",
      "         1.1979e-03, 1.5342e-03],\n",
      "        [5.7533e-03, 9.9673e-01, 5.3973e-04, 3.2122e-03, 3.5005e-03, 9.4576e-03,\n",
      "         1.3796e-03, 1.5928e-03],\n",
      "        [1.8978e-03, 1.5643e-04, 9.8887e-01, 2.4081e-03, 1.8258e-03, 5.2625e-03,\n",
      "         4.3564e-03, 9.6393e-04],\n",
      "        [3.0912e-03, 6.1529e-04, 2.3337e-03, 9.8579e-01, 1.7611e-03, 7.5179e-03,\n",
      "         2.3187e-03, 8.4524e-04],\n",
      "        [6.4365e-03, 5.4088e-04, 1.2977e-03, 1.3906e-03, 9.8044e-01, 1.0838e-02,\n",
      "         1.9119e-03, 8.5833e-04],\n",
      "        [5.8227e-03, 5.4182e-04, 1.3911e-03, 2.2002e-03, 4.0251e-03, 9.3996e-01,\n",
      "         2.1270e-03, 1.7012e-03],\n",
      "        [1.8009e-03, 2.5327e-04, 3.1618e-03, 1.8210e-03, 1.9515e-03, 5.7973e-03,\n",
      "         9.8516e-01, 7.7209e-04],\n",
      "        [4.4928e-03, 5.2602e-04, 1.4717e-03, 1.4079e-03, 1.8110e-03, 9.7722e-03,\n",
      "         1.5472e-03, 9.9173e-01]], device='cuda:0', grad_fn=<SoftmaxBackward0>)\n",
      "loss: 1.300472  [ 5600/ 6092]\n",
      "tensor([[9.9315e-01, 1.7654e-04, 1.3053e-03, 3.9685e-03, 5.7491e-04, 5.7697e-04,\n",
      "         1.4893e-02, 1.2425e-03],\n",
      "        [8.9817e-04, 9.9820e-01, 2.1507e-03, 7.4753e-03, 6.6607e-04, 7.3591e-04,\n",
      "         4.2359e-02, 1.5094e-03],\n",
      "        [1.0952e-03, 3.0754e-04, 9.9011e-01, 6.7915e-03, 4.5886e-04, 5.1888e-04,\n",
      "         2.8230e-02, 9.5776e-04],\n",
      "        [7.6964e-04, 2.5456e-04, 1.5577e-03, 9.5466e-01, 5.8672e-04, 1.2021e-03,\n",
      "         3.1831e-02, 9.8253e-04],\n",
      "        [9.0764e-04, 2.0103e-04, 8.7141e-04, 4.7758e-03, 9.9520e-01, 1.0597e-03,\n",
      "         1.6871e-02, 1.4444e-03],\n",
      "        [6.7469e-04, 1.6978e-04, 7.5802e-04, 7.0059e-03, 7.4719e-04, 9.9453e-01,\n",
      "         1.5536e-02, 6.1649e-04],\n",
      "        [8.5981e-04, 3.5778e-04, 1.8200e-03, 8.9640e-03, 6.0878e-04, 7.7351e-04,\n",
      "         8.2891e-01, 9.6136e-04],\n",
      "        [1.6426e-03, 3.3158e-04, 1.4227e-03, 6.3551e-03, 1.1609e-03, 6.0684e-04,\n",
      "         2.1374e-02, 9.9229e-01]], device='cuda:0', grad_fn=<SoftmaxBackward0>)\n",
      "Epoch 5\n",
      "-------------------------------\n",
      "loss: 1.276095  [    0/ 6092]\n",
      "tensor([[9.9837e-01, 7.3713e-04, 9.7274e-05, 8.4467e-04, 2.7274e-04, 6.8312e-06,\n",
      "         5.4046e-04, 7.4853e-05],\n",
      "        [1.9511e-04, 9.9457e-01, 4.7712e-05, 5.8888e-04, 3.0061e-04, 6.5127e-06,\n",
      "         1.1309e-03, 3.9434e-05],\n",
      "        [1.9790e-04, 3.7854e-04, 9.9949e-01, 7.8660e-04, 2.6966e-04, 3.4805e-06,\n",
      "         4.8722e-04, 2.7523e-05],\n",
      "        [2.3365e-04, 6.5289e-04, 1.1255e-04, 9.9545e-01, 2.3289e-04, 5.9188e-06,\n",
      "         8.5257e-04, 2.5997e-05],\n",
      "        [2.0883e-04, 9.1199e-04, 1.0276e-04, 5.8880e-04, 9.9752e-01, 8.6153e-06,\n",
      "         6.6861e-04, 1.0210e-04],\n",
      "        [1.7465e-04, 5.9599e-04, 2.8116e-05, 4.6013e-04, 3.0155e-04, 9.9994e-01,\n",
      "         7.3005e-04, 9.8680e-05],\n",
      "        [1.6724e-04, 1.3760e-03, 6.9245e-05, 9.2206e-04, 2.6384e-04, 8.1906e-06,\n",
      "         9.9482e-01, 4.3014e-05],\n",
      "        [4.5734e-04, 7.7789e-04, 5.5750e-05, 3.5581e-04, 8.4296e-04, 1.9995e-05,\n",
      "         7.6539e-04, 9.9959e-01]], device='cuda:0', grad_fn=<SoftmaxBackward0>)\n",
      "loss: 1.290759  [  800/ 6092]\n",
      "tensor([[9.8987e-01, 1.5548e-04, 3.2322e-04, 4.3284e-03, 1.3877e-04, 2.3176e-03,\n",
      "         4.7022e-03, 1.5052e-03],\n",
      "        [3.2180e-03, 9.9938e-01, 2.6898e-04, 3.0157e-03, 2.5571e-04, 3.6347e-04,\n",
      "         1.2987e-02, 2.1129e-03],\n",
      "        [1.5730e-03, 7.2354e-05, 9.9674e-01, 9.4589e-03, 2.5970e-04, 6.8555e-04,\n",
      "         1.5905e-02, 1.5562e-02],\n",
      "        [1.4229e-03, 6.0656e-05, 5.4280e-04, 9.6357e-01, 1.3005e-04, 2.9054e-03,\n",
      "         1.0359e-02, 4.1395e-03],\n",
      "        [9.7328e-04, 1.0800e-04, 3.9641e-04, 2.7666e-03, 9.9861e-01, 8.9208e-04,\n",
      "         9.4524e-03, 4.3862e-03],\n",
      "        [1.3576e-03, 2.9913e-05, 1.6045e-04, 4.7780e-03, 1.0888e-04, 9.9026e-01,\n",
      "         4.4497e-03, 2.2199e-03],\n",
      "        [9.6015e-04, 1.3938e-04, 5.8120e-04, 6.6531e-03, 2.5279e-04, 1.2495e-03,\n",
      "         9.3379e-01, 4.0639e-03],\n",
      "        [6.2945e-04, 5.6274e-05, 9.8548e-04, 5.4331e-03, 2.4239e-04, 1.3253e-03,\n",
      "         8.3585e-03, 9.6601e-01]], device='cuda:0', grad_fn=<SoftmaxBackward0>)\n",
      "loss: 1.279833  [ 1600/ 6092]\n",
      "tensor([[9.8964e-01, 3.4324e-05, 3.0345e-03, 6.7065e-04, 1.4246e-03, 3.4767e-03,\n",
      "         7.8775e-05, 5.8911e-05],\n",
      "        [8.0309e-04, 9.9966e-01, 1.2324e-03, 1.8553e-04, 1.3217e-03, 2.1383e-03,\n",
      "         1.1180e-04, 1.5059e-04],\n",
      "        [2.1906e-03, 3.6985e-05, 9.8573e-01, 6.0571e-04, 1.2650e-03, 2.6764e-03,\n",
      "         1.0027e-04, 8.2975e-05],\n",
      "        [1.6691e-03, 2.6895e-05, 2.1298e-03, 9.9703e-01, 7.4290e-04, 3.0585e-03,\n",
      "         4.9537e-05, 6.5276e-05],\n",
      "        [1.9695e-03, 6.3259e-05, 2.3746e-03, 3.2246e-04, 9.9129e-01, 2.8157e-03,\n",
      "         1.4999e-04, 1.0954e-04],\n",
      "        [2.1118e-03, 4.8565e-05, 2.2287e-03, 7.5885e-04, 1.2536e-03, 9.8168e-01,\n",
      "         1.1068e-04, 7.9265e-05],\n",
      "        [9.2358e-04, 5.4018e-05, 1.7605e-03, 1.5506e-04, 1.5365e-03, 2.4161e-03,\n",
      "         9.9921e-01, 1.7740e-04],\n",
      "        [6.9409e-04, 7.7695e-05, 1.5086e-03, 2.7102e-04, 1.1694e-03, 1.7369e-03,\n",
      "         1.8973e-04, 9.9928e-01]], device='cuda:0', grad_fn=<SoftmaxBackward0>)\n",
      "loss: 1.277313  [ 2400/ 6092]\n",
      "tensor([[9.9279e-01, 2.0920e-03, 1.9483e-04, 8.0069e-05, 8.0486e-04, 5.4269e-04,\n",
      "         9.2384e-05, 2.1169e-04],\n",
      "        [1.5112e-03, 9.8895e-01, 2.4154e-04, 1.2657e-04, 1.3614e-03, 5.5773e-04,\n",
      "         1.0549e-04, 9.3216e-05],\n",
      "        [9.1045e-04, 1.5015e-03, 9.9884e-01, 3.3499e-05, 8.2715e-04, 1.0081e-03,\n",
      "         4.6783e-05, 6.3670e-05],\n",
      "        [9.7602e-04, 2.3757e-03, 5.4745e-05, 9.9935e-01, 1.7066e-03, 1.0656e-04,\n",
      "         1.9216e-04, 3.0728e-04],\n",
      "        [8.0590e-04, 1.8481e-03, 1.7268e-04, 1.2271e-04, 9.9298e-01, 2.5134e-04,\n",
      "         1.4024e-04, 1.2485e-04],\n",
      "        [9.9969e-04, 1.4192e-03, 3.8763e-04, 3.1186e-05, 5.6004e-04, 9.9708e-01,\n",
      "         5.6053e-05, 1.0979e-04],\n",
      "        [6.5638e-04, 1.0502e-03, 5.3756e-05, 1.0639e-04, 1.0141e-03, 1.5180e-04,\n",
      "         9.9912e-01, 2.7364e-04],\n",
      "        [1.3519e-03, 7.5943e-04, 5.9193e-05, 1.4589e-04, 7.4650e-04, 3.0089e-04,\n",
      "         2.4809e-04, 9.9882e-01]], device='cuda:0', grad_fn=<SoftmaxBackward0>)\n",
      "loss: 1.276738  [ 3200/ 6092]\n",
      "tensor([[9.9857e-01, 7.1261e-05, 3.2276e-05, 1.0076e-03, 8.1763e-04, 3.8348e-04,\n",
      "         7.6973e-04, 1.8932e-04],\n",
      "        [5.1113e-04, 9.9969e-01, 2.2754e-04, 7.2880e-04, 9.7036e-04, 2.4019e-04,\n",
      "         3.2957e-04, 1.0536e-04],\n",
      "        [1.2660e-04, 1.3394e-04, 9.9955e-01, 7.1898e-04, 2.3127e-03, 2.0477e-04,\n",
      "         4.5362e-04, 6.6119e-05],\n",
      "        [2.7201e-04, 3.2140e-05, 4.8157e-05, 9.9485e-01, 1.4811e-03, 1.0301e-03,\n",
      "         8.3905e-04, 2.1182e-04],\n",
      "        [1.3990e-04, 2.7153e-05, 8.2201e-05, 8.7532e-04, 9.9174e-01, 6.1524e-04,\n",
      "         6.3755e-04, 3.4553e-04],\n",
      "        [1.0814e-04, 1.4836e-05, 1.9233e-05, 7.5724e-04, 8.6675e-04, 9.9599e-01,\n",
      "         9.8548e-04, 2.7737e-04],\n",
      "        [1.6017e-04, 1.5448e-05, 2.7628e-05, 6.2339e-04, 8.0915e-04, 9.3372e-04,\n",
      "         9.9483e-01, 5.1530e-04],\n",
      "        [1.1330e-04, 1.4432e-05, 1.5529e-05, 4.3896e-04, 1.0062e-03, 6.0442e-04,\n",
      "         1.1564e-03, 9.9829e-01]], device='cuda:0', grad_fn=<SoftmaxBackward0>)\n",
      "loss: 1.282213  [ 4000/ 6092]\n",
      "tensor([[9.8248e-01, 7.3166e-03, 1.9231e-04, 6.4249e-05, 1.5800e-03, 2.6002e-04,\n",
      "         5.5127e-04, 4.0120e-04],\n",
      "        [3.6144e-03, 9.6148e-01, 2.3567e-04, 7.4582e-05, 1.6065e-03, 2.5395e-04,\n",
      "         5.8401e-04, 4.7044e-04],\n",
      "        [1.5373e-03, 3.8166e-03, 9.9836e-01, 8.1502e-05, 6.7622e-04, 2.3240e-04,\n",
      "         4.6618e-04, 3.2199e-04],\n",
      "        [2.0359e-03, 5.0955e-03, 3.5478e-04, 9.9948e-01, 1.0155e-03, 1.2254e-04,\n",
      "         1.0830e-03, 4.1142e-04],\n",
      "        [3.3261e-03, 6.8719e-03, 1.4622e-04, 6.1787e-05, 9.8906e-01, 2.6604e-04,\n",
      "         9.3176e-04, 9.1769e-04],\n",
      "        [2.6285e-03, 5.1564e-03, 2.8320e-04, 3.9183e-05, 1.3375e-03, 9.9827e-01,\n",
      "         8.0792e-04, 4.5962e-04],\n",
      "        [2.1378e-03, 4.6635e-03, 2.1396e-04, 1.2403e-04, 1.9362e-03, 3.2830e-04,\n",
      "         9.9487e-01, 4.9518e-04],\n",
      "        [2.2403e-03, 5.5948e-03, 2.0918e-04, 7.0310e-05, 2.7840e-03, 2.6417e-04,\n",
      "         7.0531e-04, 9.9652e-01]], device='cuda:0', grad_fn=<SoftmaxBackward0>)\n",
      "loss: 1.275321  [ 4800/ 6092]\n",
      "tensor([[9.9883e-01, 1.0524e-05, 1.2003e-04, 5.1618e-04, 6.3222e-05, 1.3194e-04,\n",
      "         3.6649e-04, 2.2188e-04],\n",
      "        [1.3495e-04, 9.9992e-01, 1.9985e-04, 2.9601e-04, 1.5234e-04, 3.5703e-05,\n",
      "         3.9840e-04, 7.2572e-05],\n",
      "        [8.6718e-05, 9.7962e-06, 9.9846e-01, 3.5183e-04, 6.4497e-05, 4.2434e-05,\n",
      "         4.9114e-04, 1.7384e-04],\n",
      "        [2.6396e-04, 1.0920e-05, 3.1473e-04, 9.9593e-01, 6.4053e-05, 6.7874e-04,\n",
      "         7.4568e-04, 8.2108e-05],\n",
      "        [1.7264e-04, 3.0419e-05, 3.2872e-04, 3.5907e-04, 9.9954e-01, 5.3996e-05,\n",
      "         3.1956e-04, 1.1056e-04],\n",
      "        [2.2939e-04, 5.3071e-06, 9.4009e-05, 1.9695e-03, 3.6256e-05, 9.9893e-01,\n",
      "         3.7092e-04, 1.2139e-04],\n",
      "        [1.1481e-04, 9.6206e-06, 2.3862e-04, 3.8299e-04, 4.0181e-05, 6.7019e-05,\n",
      "         9.9666e-01, 2.2597e-04],\n",
      "        [1.6858e-04, 6.6386e-06, 2.4392e-04, 1.9180e-04, 4.0544e-05, 6.4998e-05,\n",
      "         6.4711e-04, 9.9899e-01]], device='cuda:0', grad_fn=<SoftmaxBackward0>)\n",
      "loss: 1.279412  [ 5600/ 6092]\n",
      "tensor([[9.9008e-01, 1.3783e-04, 5.5261e-03, 3.9131e-04, 8.7557e-04, 4.5458e-05,\n",
      "         6.8147e-05, 1.3359e-03],\n",
      "        [1.2636e-03, 9.9884e-01, 2.3526e-03, 2.5638e-04, 5.5347e-04, 4.3474e-05,\n",
      "         3.4270e-04, 5.9471e-04],\n",
      "        [2.4214e-03, 1.2218e-04, 9.7786e-01, 4.4247e-04, 1.3321e-03, 4.3194e-05,\n",
      "         8.6715e-05, 9.8856e-04],\n",
      "        [1.1952e-03, 9.1649e-05, 2.9829e-03, 9.9693e-01, 3.0321e-03, 6.3305e-05,\n",
      "         4.2246e-05, 7.2937e-04],\n",
      "        [1.0319e-03, 8.1383e-05, 3.4291e-03, 1.0670e-03, 9.9120e-01, 6.5751e-05,\n",
      "         4.4393e-05, 1.0822e-03],\n",
      "        [7.2192e-04, 8.3781e-05, 1.4217e-03, 3.4911e-04, 9.4174e-04, 9.9957e-01,\n",
      "         9.1140e-05, 9.6498e-04],\n",
      "        [9.0992e-04, 5.3539e-04, 2.6673e-03, 1.7247e-04, 4.4538e-04, 7.5662e-05,\n",
      "         9.9927e-01, 4.6167e-04],\n",
