{
 "cells": [
  {
   "cell_type": "code",
   "execution_count": 1,
   "metadata": {
    "collapsed": true
   },
   "outputs": [
    {
     "name": "stderr",
     "output_type": "stream",
     "text": [
      "2023-02-13 16:01:52.317206: I tensorflow/core/platform/cpu_feature_guard.cc:193] This TensorFlow binary is optimized with oneAPI Deep Neural Network Library (oneDNN) to use the following CPU instructions in performance-critical operations:  AVX2 FMA\n",
      "To enable them in other operations, rebuild TensorFlow with the appropriate compiler flags.\n",
      "2023-02-13 16:01:52.823451: W tensorflow/compiler/xla/stream_executor/platform/default/dso_loader.cc:64] Could not load dynamic library 'libnvinfer.so.7'; dlerror: libnvinfer.so.7: cannot open shared object file: No such file or directory\n",
      "2023-02-13 16:01:52.823509: W tensorflow/compiler/xla/stream_executor/platform/default/dso_loader.cc:64] Could not load dynamic library 'libnvinfer_plugin.so.7'; dlerror: libnvinfer_plugin.so.7: cannot open shared object file: No such file or directory\n",
      "2023-02-13 16:01:52.823513: W tensorflow/compiler/tf2tensorrt/utils/py_utils.cc:38] TF-TRT Warning: Cannot dlopen some TensorRT libraries. If you would like to use Nvidia GPU with TensorRT, please make sure the missing libraries mentioned above are installed properly.\n"
     ]
    }
   ],
   "source": [
    "from network_models.soundsream_models_and_utils.encoder.ss_encoder_downmapping import EncoderDownmapping\n",
    "from network_models.soundsream_models_and_utils.ss_encoded_dataset import ss_encoded_dataset_full\n",
    "import torch\n",
    "import gc\n",
    "\n",
    "device = \"cuda\" if torch.cuda.is_available() else \"cpu\"\n",
    "batch_size = 8\n",
    "models_dir = \"/home/ckwdani/Programming/Projects/masterarbeit/Jupyter/mainProject/notebooks/content/encoder/0_0213/\"\n",
    "epochs =200\n",
    "save_every = 40\n",
    "start_lr = 2e-6\n",
    "gc.collect()\n",
    "\n",
    "data_set= ss_encoded_dataset_full(\n",
    "    csvPath=\"/home/ckwdani/Programming/Projects/masterarbeit/Jupyter/mainProject/notebooks/content/data/allEncodings.pkl\", device=device)\n",
    "\n",
    "enc_model = EncoderDownmapping(embed_dim=512, n_heads=4, ff_dim=2, n_layers=1, dropout=0.2, output=1024, max_seq_len=175).to(device)\n",
    "\n"
   ]
  },
  {
   "cell_type": "code",
   "execution_count": 2,
   "outputs": [
    {
     "name": "stdout",
     "output_type": "stream",
     "text": [
      "Epoch 1\n",
      "-------------------------------\n",
      "loss: 1.832665  [    0/ 6092]\n",
      "tensor([[0.3874, 0.0980, 0.0998, 0.1241, 0.0848, 0.1186, 0.1133, 0.1195],\n",
      "        [0.0614, 0.3556, 0.0626, 0.0745, 0.0551, 0.0640, 0.0803, 0.0701],\n",
      "        [0.0975, 0.0978, 0.4260, 0.1215, 0.0800, 0.0891, 0.0945, 0.1091],\n",
      "        [0.1118, 0.1075, 0.1122, 0.2977, 0.0874, 0.1062, 0.1198, 0.1241],\n",
      "        [0.0559, 0.0580, 0.0539, 0.0638, 0.4736, 0.0605, 0.0569, 0.0596],\n",
      "        [0.0846, 0.0732, 0.0653, 0.0842, 0.0659, 0.3781, 0.0687, 0.0834],\n",
      "        [0.1022, 0.1167, 0.0874, 0.1199, 0.0780, 0.0866, 0.3690, 0.1059],\n",
      "        [0.0992, 0.0933, 0.0928, 0.1143, 0.0752, 0.0970, 0.0974, 0.3284]],\n",
      "       device='cuda:0', grad_fn=<SoftmaxBackward0>)\n",
      "loss: 1.819744  [  800/ 6092]\n",
      "tensor([[0.3677, 0.0791, 0.0875, 0.0585, 0.0778, 0.0824, 0.1076, 0.1173],\n",
      "        [0.0697, 0.4240, 0.0856, 0.0544, 0.0645, 0.0674, 0.0771, 0.0730],\n",
      "        [0.0854, 0.0951, 0.3507, 0.0564, 0.0743, 0.0944, 0.1086, 0.0998],\n",
      "        [0.0499, 0.0525, 0.0493, 0.5331, 0.0552, 0.0671, 0.0521, 0.0573],\n",
      "        [0.0629, 0.0592, 0.0616, 0.0526, 0.4634, 0.0574, 0.0608, 0.0638],\n",
      "        [0.0958, 0.0888, 0.1126, 0.0926, 0.0824, 0.3909, 0.1142, 0.1213],\n",
      "        [0.1181, 0.0960, 0.1221, 0.0668, 0.0821, 0.1075, 0.2911, 0.1612],\n",
      "        [0.1504, 0.1053, 0.1305, 0.0855, 0.1003, 0.1330, 0.1885, 0.3066]],\n",
      "       device='cuda:0', grad_fn=<SoftmaxBackward0>)\n",
      "loss: 1.715383  [ 1600/ 6092]\n",
      "tensor([[0.5554, 0.0675, 0.0569, 0.0578, 0.0670, 0.0785, 0.0604, 0.0558],\n",
      "        [0.0679, 0.4488, 0.0668, 0.0504, 0.0970, 0.1179, 0.0696, 0.0820],\n",
      "        [0.0559, 0.0653, 0.5469, 0.0539, 0.0728, 0.0761, 0.0722, 0.0490],\n",
      "        [0.0666, 0.0579, 0.0633, 0.6301, 0.0622, 0.0711, 0.0643, 0.0523],\n",
      "        [0.0821, 0.1189, 0.0912, 0.0660, 0.4330, 0.1678, 0.1160, 0.0824],\n",
      "        [0.0880, 0.1319, 0.0867, 0.0689, 0.1530, 0.3639, 0.0972, 0.0967],\n",
      "        [0.0406, 0.0466, 0.0492, 0.0374, 0.0626, 0.0581, 0.4820, 0.0330],\n",
      "        [0.0435, 0.0630, 0.0390, 0.0354, 0.0524, 0.0667, 0.0383, 0.5488]],\n",
      "       device='cuda:0', grad_fn=<SoftmaxBackward0>)\n",
      "loss: 1.695160  [ 2400/ 6092]\n",
      "tensor([[0.4598, 0.0650, 0.1050, 0.1005, 0.0638, 0.0801, 0.0805, 0.0913],\n",
      "        [0.0709, 0.6586, 0.0713, 0.0543, 0.0433, 0.0512, 0.0589, 0.0557],\n",
      "        [0.0874, 0.0545, 0.4224, 0.0681, 0.0554, 0.0739, 0.0869, 0.0782],\n",
      "        [0.0808, 0.0402, 0.0661, 0.5016, 0.0409, 0.0563, 0.0717, 0.0659],\n",
      "        [0.0588, 0.0367, 0.0613, 0.0468, 0.6600, 0.0427, 0.0409, 0.0481],\n",
      "        [0.0829, 0.0484, 0.0918, 0.0720, 0.0476, 0.5159, 0.1030, 0.0994],\n",
      "        [0.0686, 0.0459, 0.0887, 0.0756, 0.0374, 0.0844, 0.4738, 0.0722],\n",
      "        [0.0907, 0.0506, 0.0933, 0.0811, 0.0516, 0.0954, 0.0844, 0.4891]],\n",
      "       device='cuda:0', grad_fn=<SoftmaxBackward0>)\n",
      "loss: 1.846419  [ 3200/ 6092]\n",
      "tensor([[0.4569, 0.0635, 0.0507, 0.0734, 0.0552, 0.0683, 0.0543, 0.0733],\n",
      "        [0.0847, 0.3083, 0.0778, 0.1194, 0.0973, 0.1462, 0.1158, 0.1278],\n",
      "        [0.0585, 0.0673, 0.5164, 0.0610, 0.0641, 0.0746, 0.0611, 0.0737],\n",
      "        [0.0922, 0.1115, 0.0658, 0.3273, 0.0833, 0.1243, 0.1107, 0.1065],\n",
      "        [0.0551, 0.0725, 0.0554, 0.0666, 0.4107, 0.0797, 0.0690, 0.0750],\n",
      "        [0.0960, 0.1544, 0.0910, 0.1404, 0.1129, 0.2576, 0.1468, 0.1421],\n",
      "        [0.0639, 0.1021, 0.0624, 0.1045, 0.0818, 0.1224, 0.3310, 0.1041],\n",
      "        [0.0926, 0.1203, 0.0805, 0.1074, 0.0948, 0.1269, 0.1112, 0.2975]],\n",
      "       device='cuda:0', grad_fn=<SoftmaxBackward0>)\n",
      "loss: 1.756405  [ 4000/ 6092]\n",
      "tensor([[0.5192, 0.0534, 0.0636, 0.0567, 0.0657, 0.0600, 0.0470, 0.0628],\n",
      "        [0.0591, 0.4564, 0.0803, 0.0801, 0.0848, 0.0766, 0.0628, 0.0680],\n",
      "        [0.0762, 0.0867, 0.4672, 0.0864, 0.0941, 0.0817, 0.0561, 0.0678],\n",
      "        [0.0776, 0.0996, 0.0996, 0.3968, 0.1325, 0.1445, 0.0766, 0.1011],\n",
      "        [0.0796, 0.0930, 0.0956, 0.1165, 0.3725, 0.1087, 0.0698, 0.0931],\n",
      "        [0.0746, 0.0860, 0.0850, 0.1299, 0.1113, 0.4082, 0.0576, 0.0886],\n",
      "        [0.0593, 0.0716, 0.0594, 0.0703, 0.0727, 0.0587, 0.5848, 0.0660],\n",
      "        [0.0544, 0.0533, 0.0493, 0.0635, 0.0663, 0.0616, 0.0452, 0.4526]],\n",
      "       device='cuda:0', grad_fn=<SoftmaxBackward0>)\n",
      "loss: 1.748514  [ 4800/ 6092]\n",
      "tensor([[0.4707, 0.0696, 0.0580, 0.0585, 0.0612, 0.0562, 0.0477, 0.0582],\n",
      "        [0.0757, 0.3633, 0.0816, 0.0768, 0.0822, 0.0713, 0.0666, 0.0837],\n",
      "        [0.0615, 0.0795, 0.4271, 0.0689, 0.0817, 0.0525, 0.0556, 0.0702],\n",
      "        [0.0872, 0.1054, 0.0971, 0.4773, 0.0836, 0.0723, 0.0886, 0.1026],\n",
      "        [0.0839, 0.1037, 0.1062, 0.0769, 0.4707, 0.0692, 0.0752, 0.0771],\n",
      "        [0.0740, 0.0863, 0.0651, 0.0639, 0.0665, 0.5337, 0.0687, 0.0689],\n",
      "        [0.0643, 0.0828, 0.0708, 0.0802, 0.0742, 0.0705, 0.5168, 0.0769],\n",
      "        [0.0826, 0.1095, 0.0942, 0.0977, 0.0798, 0.0743, 0.0808, 0.4624]],\n",
      "       device='cuda:0', grad_fn=<SoftmaxBackward0>)\n",
      "loss: 1.711573  [ 5600/ 6092]\n",
      "tensor([[0.3980, 0.0907, 0.1020, 0.0573, 0.0403, 0.0966, 0.0911, 0.0714],\n",
      "        [0.1050, 0.4422, 0.1149, 0.0620, 0.0547, 0.1009, 0.0757, 0.0899],\n",
      "        [0.1171, 0.1138, 0.4145, 0.0482, 0.0491, 0.1335, 0.0878, 0.0851],\n",
      "        [0.0645, 0.0604, 0.0479, 0.6488, 0.0315, 0.0444, 0.0585, 0.0564],\n",
      "        [0.0425, 0.0494, 0.0451, 0.0293, 0.6933, 0.0463, 0.0340, 0.0484],\n",
      "        [0.0807, 0.0729, 0.0966, 0.0330, 0.0371, 0.4053, 0.0670, 0.0555],\n",
      "        [0.1047, 0.0753, 0.0880, 0.0599, 0.0369, 0.0921, 0.5156, 0.0659],\n",
      "        [0.0874, 0.0952, 0.0910, 0.0615, 0.0571, 0.0810, 0.0702, 0.5274]],\n",
      "       device='cuda:0', grad_fn=<SoftmaxBackward0>)\n",
      "Epoch 2\n",
      "-------------------------------\n",
      "loss: 1.717547  [    0/ 6092]\n",
      "tensor([[0.5157, 0.0775, 0.0676, 0.0394, 0.0534, 0.0514, 0.0554, 0.0634],\n",
      "        [0.0765, 0.4234, 0.0824, 0.0459, 0.0657, 0.0638, 0.0685, 0.0717],\n",
      "        [0.0725, 0.0898, 0.4320, 0.0528, 0.0686, 0.0740, 0.0855, 0.0710],\n",
      "        [0.0547, 0.0648, 0.0685, 0.6438, 0.0560, 0.0556, 0.0580, 0.0729],\n",
      "        [0.0805, 0.1007, 0.0966, 0.0606, 0.5505, 0.0792, 0.0956, 0.0891],\n",
      "        [0.0607, 0.0766, 0.0817, 0.0471, 0.0621, 0.5033, 0.0913, 0.0827],\n",
      "        [0.0640, 0.0806, 0.0925, 0.0482, 0.0734, 0.0896, 0.4564, 0.0872],\n",
      "        [0.0753, 0.0865, 0.0787, 0.0622, 0.0702, 0.0831, 0.0893, 0.4620]],\n",
      "       device='cuda:0', grad_fn=<SoftmaxBackward0>)\n",
      "loss: 1.730288  [  800/ 6092]\n",
      "tensor([[0.3810, 0.0736, 0.1577, 0.1192, 0.1112, 0.1001, 0.1147, 0.0481],\n",
      "        [0.0633, 0.5917, 0.0676, 0.0668, 0.0701, 0.0437, 0.0590, 0.0318],\n",
      "        [0.1499, 0.0751, 0.3739, 0.1142, 0.1084, 0.0953, 0.0977, 0.0476],\n",
      "        [0.1030, 0.0675, 0.1037, 0.4174, 0.0913, 0.0748, 0.0912, 0.0441],\n",
      "        [0.0754, 0.0557, 0.0772, 0.0716, 0.4162, 0.0627, 0.0691, 0.0273],\n",
      "        [0.0889, 0.0452, 0.0890, 0.0771, 0.0822, 0.5193, 0.0640, 0.0432],\n",
      "        [0.0922, 0.0557, 0.0828, 0.0850, 0.0821, 0.0581, 0.4639, 0.0340],\n",
      "        [0.0463, 0.0355, 0.0481, 0.0487, 0.0385, 0.0461, 0.0404, 0.7238]],\n",
      "       device='cuda:0', grad_fn=<SoftmaxBackward0>)\n",
      "loss: 1.794778  [ 1600/ 6092]\n",
      "tensor([[0.2624, 0.0968, 0.1137, 0.1157, 0.0900, 0.1496, 0.0881, 0.0698],\n",
      "        [0.0871, 0.4529, 0.0736, 0.0700, 0.0517, 0.0792, 0.0782, 0.0415],\n",
      "        [0.1280, 0.0919, 0.3803, 0.0978, 0.0886, 0.1217, 0.1208, 0.0551],\n",
      "        [0.1046, 0.0704, 0.0788, 0.3801, 0.0685, 0.1021, 0.0597, 0.0568],\n",
      "        [0.0964, 0.0613, 0.0844, 0.0809, 0.4902, 0.0954, 0.0689, 0.0518],\n",
      "        [0.1523, 0.0895, 0.1101, 0.1151, 0.0907, 0.2977, 0.0842, 0.0630],\n",
      "        [0.0787, 0.0775, 0.0949, 0.0589, 0.0574, 0.0739, 0.4491, 0.0350],\n",
      "        [0.0906, 0.0598, 0.0640, 0.0814, 0.0628, 0.0805, 0.0509, 0.6270]],\n",
      "       device='cuda:0', grad_fn=<SoftmaxBackward0>)\n",
      "loss: 1.717635  [ 2400/ 6092]\n",
      "tensor([[0.4864, 0.0736, 0.0864, 0.0485, 0.0701, 0.0710, 0.0572, 0.0816],\n",
      "        [0.0741, 0.4672, 0.0923, 0.0641, 0.0739, 0.0658, 0.0566, 0.0817],\n",
      "        [0.0923, 0.0980, 0.4420, 0.0597, 0.0800, 0.0743, 0.0643, 0.1069],\n",
      "        [0.0578, 0.0758, 0.0667, 0.6155, 0.0591, 0.0506, 0.0583, 0.0773],\n",
      "        [0.0783, 0.0819, 0.0837, 0.0552, 0.4772, 0.0961, 0.0663, 0.1052],\n",
      "        [0.0758, 0.0697, 0.0744, 0.0453, 0.0916, 0.5133, 0.0651, 0.0735],\n",
      "        [0.0659, 0.0648, 0.0695, 0.0565, 0.0684, 0.0703, 0.5807, 0.0698],\n",
      "        [0.0694, 0.0689, 0.0849, 0.0552, 0.0798, 0.0586, 0.0515, 0.4040]],\n",
      "       device='cuda:0', grad_fn=<SoftmaxBackward0>)\n",
      "loss: 1.644577  [ 3200/ 6092]\n",
      "tensor([[0.4310, 0.0682, 0.0475, 0.0427, 0.0641, 0.0587, 0.0594, 0.1165],\n",
      "        [0.0925, 0.6019, 0.0634, 0.0377, 0.0662, 0.0616, 0.0674, 0.0695],\n",
      "        [0.0536, 0.0525, 0.6271, 0.0268, 0.0501, 0.0421, 0.0547, 0.0670],\n",
      "        [0.0834, 0.0542, 0.0460, 0.7337, 0.0778, 0.0634, 0.0528, 0.0779],\n",
      "        [0.0682, 0.0521, 0.0474, 0.0424, 0.5395, 0.0591, 0.0575, 0.0671],\n",
      "        [0.0780, 0.0605, 0.0496, 0.0432, 0.0739, 0.6164, 0.0604, 0.0595],\n",
      "        [0.0645, 0.0540, 0.0529, 0.0295, 0.0587, 0.0494, 0.5861, 0.0608],\n",
      "        [0.1288, 0.0566, 0.0660, 0.0440, 0.0696, 0.0493, 0.0617, 0.4817]],\n",
      "       device='cuda:0', grad_fn=<SoftmaxBackward0>)\n",
      "loss: 1.713419  [ 4000/ 6092]\n",
      "tensor([[0.4361, 0.0994, 0.0897, 0.0294, 0.0836, 0.0582, 0.0335, 0.0746],\n",
      "        [0.1087, 0.3041, 0.1392, 0.0327, 0.1485, 0.0642, 0.0451, 0.1134],\n",
      "        [0.0941, 0.1337, 0.3350, 0.0334, 0.1150, 0.0713, 0.0417, 0.0969],\n",
      "        [0.0619, 0.0635, 0.0672, 0.8094, 0.0495, 0.0415, 0.0265, 0.0478],\n",
      "        [0.0832, 0.1348, 0.1091, 0.0233, 0.3575, 0.0590, 0.0381, 0.0920],\n",
      "        [0.0755, 0.0768, 0.0882, 0.0256, 0.0769, 0.5995, 0.0401, 0.0642],\n",
      "        [0.0515, 0.0638, 0.0614, 0.0194, 0.0588, 0.0474, 0.7394, 0.0464],\n",
      "        [0.0890, 0.1238, 0.1102, 0.0269, 0.1103, 0.0589, 0.0357, 0.4647]],\n",
      "       device='cuda:0', grad_fn=<SoftmaxBackward0>)\n",
      "loss: 1.625543  [ 4800/ 6092]\n",
      "tensor([[0.5148, 0.0344, 0.0257, 0.0847, 0.1000, 0.0513, 0.0755, 0.0609],\n",
      "        [0.0469, 0.7415, 0.0289, 0.0658, 0.0570, 0.0232, 0.0550, 0.0363],\n",
      "        [0.0538, 0.0448, 0.8004, 0.0749, 0.0647, 0.0322, 0.0680, 0.0543],\n",
      "        [0.0867, 0.0498, 0.0365, 0.4582, 0.1111, 0.0469, 0.0898, 0.0683],\n",
      "        [0.0831, 0.0350, 0.0257, 0.0900, 0.4268, 0.0449, 0.0726, 0.0582],\n",
      "        [0.0723, 0.0240, 0.0218, 0.0649, 0.0762, 0.7172, 0.0632, 0.0509],\n",
      "        [0.0804, 0.0432, 0.0345, 0.0933, 0.0929, 0.0476, 0.5196, 0.0585],\n",
      "        [0.0620, 0.0273, 0.0265, 0.0680, 0.0712, 0.0367, 0.0562, 0.6126]],\n",
      "       device='cuda:0', grad_fn=<SoftmaxBackward0>)\n",
      "loss: 1.611446  [ 5600/ 6092]\n",
      "tensor([[0.5254, 0.0567, 0.0331, 0.0705, 0.0495, 0.0482, 0.0653, 0.0463],\n",
      "        [0.0732, 0.6055, 0.0287, 0.0772, 0.0714, 0.0437, 0.0722, 0.0489],\n",
      "        [0.0607, 0.0410, 0.7843, 0.0496, 0.0468, 0.0394, 0.0637, 0.0336],\n",
      "        [0.0775, 0.0656, 0.0296, 0.5398, 0.0536, 0.0464, 0.0856, 0.0471],\n",
      "        [0.0670, 0.0750, 0.0345, 0.0661, 0.6165, 0.0516, 0.0762, 0.0517],\n",
      "        [0.0601, 0.0424, 0.0269, 0.0528, 0.0476, 0.6696, 0.0636, 0.0408],\n",
      "        [0.0673, 0.0576, 0.0358, 0.0803, 0.0579, 0.0525, 0.4909, 0.0572],\n",
      "        [0.0687, 0.0562, 0.0271, 0.0638, 0.0567, 0.0484, 0.0826, 0.6744]],\n",
      "       device='cuda:0', grad_fn=<SoftmaxBackward0>)\n",
      "Epoch 3\n",
      "-------------------------------\n",
      "loss: 1.521451  [    0/ 6092]\n",
      "tensor([[0.6787, 0.0592, 0.0275, 0.0365, 0.0569, 0.0405, 0.0331, 0.0217],\n",
      "        [0.0535, 0.5604, 0.0301, 0.0302, 0.0543, 0.0532, 0.0772, 0.0231],\n",
      "        [0.0399, 0.0484, 0.7981, 0.0311, 0.0461, 0.0322, 0.0364, 0.0223],\n",
      "        [0.0500, 0.0460, 0.0294, 0.7777, 0.0435, 0.0420, 0.0297, 0.0260],\n",
      "        [0.0493, 0.0521, 0.0276, 0.0276, 0.6303, 0.0628, 0.0263, 0.0246],\n",
      "        [0.0412, 0.0599, 0.0226, 0.0312, 0.0739, 0.6828, 0.0304, 0.0242],\n",
      "        [0.0492, 0.1286, 0.0375, 0.0322, 0.0450, 0.0444, 0.7397, 0.0228],\n",
      "        [0.0382, 0.0454, 0.0272, 0.0335, 0.0501, 0.0420, 0.0272, 0.8353]],\n",
      "       device='cuda:0', grad_fn=<SoftmaxBackward0>)\n",
      "loss: 1.566220  [  800/ 6092]\n",
      "tensor([[0.8033, 0.0339, 0.0525, 0.0422, 0.0267, 0.0612, 0.0257, 0.0333],\n",
      "        [0.0242, 0.6979, 0.0671, 0.0565, 0.0233, 0.0706, 0.0236, 0.0372],\n",
      "        [0.0266, 0.0479, 0.4480, 0.0798, 0.0282, 0.0991, 0.0359, 0.0541],\n",
      "        [0.0280, 0.0528, 0.1049, 0.5835, 0.0325, 0.0954, 0.0322, 0.0446],\n",
      "        [0.0331, 0.0404, 0.0687, 0.0604, 0.8138, 0.0671, 0.0238, 0.0424],\n",
      "        [0.0318, 0.0515, 0.1013, 0.0743, 0.0282, 0.4645, 0.0326, 0.0504],\n",
      "        [0.0256, 0.0329, 0.0701, 0.0483, 0.0193, 0.0625, 0.7987, 0.0335],\n",
      "        [0.0273, 0.0427, 0.0874, 0.0550, 0.0281, 0.0796, 0.0276, 0.7044]],\n",
      "       device='cuda:0', grad_fn=<SoftmaxBackward0>)\n",
      "loss: 1.561859  [ 1600/ 6092]\n",
      "tensor([[0.6916, 0.0476, 0.0444, 0.0470, 0.0166, 0.0233, 0.0623, 0.0887],\n",
      "        [0.0486, 0.7020, 0.0531, 0.0399, 0.0168, 0.0249, 0.0667, 0.0726],\n",
      "        [0.0417, 0.0488, 0.6544, 0.0369, 0.0172, 0.0257, 0.0986, 0.0828],\n",
      "        [0.0429, 0.0357, 0.0361, 0.6895, 0.0179, 0.0261, 0.0698, 0.0649],\n",
      "        [0.0457, 0.0454, 0.0503, 0.0543, 0.8802, 0.0217, 0.0803, 0.0916],\n",
      "        [0.0278, 0.0290, 0.0327, 0.0339, 0.0096, 0.8103, 0.0611, 0.0586],\n",
      "        [0.0403, 0.0423, 0.0679, 0.0495, 0.0188, 0.0336, 0.4691, 0.0860],\n",
      "        [0.0615, 0.0492, 0.0611, 0.0491, 0.0228, 0.0343, 0.0920, 0.4549]],\n",
      "       device='cuda:0', grad_fn=<SoftmaxBackward0>)\n",
      "loss: 1.566461  [ 2400/ 6092]\n",
      "tensor([[0.8114, 0.0795, 0.0097, 0.0321, 0.0472, 0.0410, 0.0226, 0.0503],\n",
      "        [0.0371, 0.4424, 0.0083, 0.0670, 0.0816, 0.0413, 0.0304, 0.0904],\n",
      "        [0.0221, 0.0410, 0.9283, 0.0293, 0.0349, 0.0429, 0.0288, 0.0392],\n",
      "        [0.0214, 0.0957, 0.0086, 0.6762, 0.0624, 0.0335, 0.0256, 0.0786],\n",
      "        [0.0265, 0.0991, 0.0085, 0.0528, 0.5321, 0.0483, 0.0445, 0.0959],\n",
      "        [0.0305, 0.0659, 0.0140, 0.0371, 0.0637, 0.6758, 0.0459, 0.0694],\n",
      "        [0.0236, 0.0693, 0.0133, 0.0404, 0.0843, 0.0660, 0.7588, 0.0840],\n",
      "        [0.0274, 0.1072, 0.0093, 0.0651, 0.0937, 0.0512, 0.0433, 0.4923]],\n",
      "       device='cuda:0', grad_fn=<SoftmaxBackward0>)\n",
      "loss: 1.422846  [ 3200/ 6092]\n",
      "tensor([[0.9346, 0.0309, 0.0335, 0.0186, 0.0210, 0.0267, 0.0187, 0.0165],\n",
      "        [0.0081, 0.6940, 0.0293, 0.0262, 0.0314, 0.0345, 0.0204, 0.0284],\n",
      "        [0.0133, 0.0444, 0.8004, 0.0386, 0.0250, 0.0209, 0.0231, 0.0172],\n",
      "        [0.0081, 0.0434, 0.0423, 0.8182, 0.0215, 0.0213, 0.0331, 0.0202],\n",
      "        [0.0080, 0.0450, 0.0238, 0.0188, 0.8278, 0.0274, 0.0193, 0.0148],\n",
      "        [0.0109, 0.0536, 0.0214, 0.0200, 0.0297, 0.8123, 0.0204, 0.0280],\n",
      "        [0.0093, 0.0387, 0.0290, 0.0379, 0.0254, 0.0250, 0.8497, 0.0162],\n",
      "        [0.0077, 0.0502, 0.0203, 0.0217, 0.0182, 0.0319, 0.0153, 0.8587]],\n",
      "       device='cuda:0', grad_fn=<SoftmaxBackward0>)\n",
      "loss: 1.437530  [ 4000/ 6092]\n",
      "tensor([[0.6997, 0.0533, 0.0111, 0.0176, 0.0073, 0.0205, 0.0089, 0.0525],\n",
      "        [0.0574, 0.6863, 0.0116, 0.0232, 0.0070, 0.0155, 0.0116, 0.0764],\n",
      "        [0.0334, 0.0328, 0.8840, 0.0121, 0.0183, 0.0236, 0.0132, 0.0649],\n",
      "        [0.0487, 0.0601, 0.0111, 0.8958, 0.0077, 0.0156, 0.0067, 0.0502],\n",
      "        [0.0363, 0.0322, 0.0302, 0.0139, 0.9331, 0.0205, 0.0121, 0.0476],\n",
      "        [0.0452, 0.0318, 0.0170, 0.0125, 0.0090, 0.8672, 0.0097, 0.0517],\n",
      "        [0.0344, 0.0423, 0.0168, 0.0094, 0.0094, 0.0171, 0.9217, 0.0739],\n",
      "        [0.0449, 0.0612, 0.0181, 0.0155, 0.0082, 0.0200, 0.0161, 0.5829]],\n",
      "       device='cuda:0', grad_fn=<SoftmaxBackward0>)\n",
      "loss: 1.367388  [ 4800/ 6092]\n",
      "tensor([[0.7673, 0.0201, 0.0202, 0.0033, 0.0078, 0.0120, 0.0061, 0.0432],\n",
      "        [0.0281, 0.8517, 0.0243, 0.0056, 0.0072, 0.0056, 0.0111, 0.0217],\n",
      "        [0.0204, 0.0173, 0.8713, 0.0047, 0.0036, 0.0027, 0.0044, 0.0169],\n",
      "        [0.0156, 0.0187, 0.0217, 0.9653, 0.0059, 0.0038, 0.0080, 0.0190],\n",
      "        [0.0294, 0.0195, 0.0127, 0.0048, 0.9500, 0.0068, 0.0094, 0.0189],\n",
      "        [0.0613, 0.0195, 0.0120, 0.0039, 0.0088, 0.9512, 0.0058, 0.0550],\n",
      "        [0.0263, 0.0347, 0.0181, 0.0075, 0.0107, 0.0051, 0.9499, 0.0188],\n",
      "        [0.0516, 0.0185, 0.0198, 0.0048, 0.0060, 0.0128, 0.0053, 0.8065]],\n",
      "       device='cuda:0', grad_fn=<SoftmaxBackward0>)\n",
      "loss: 1.469339  [ 5600/ 6092]\n",
      "tensor([[8.7874e-01, 5.6619e-04, 3.2742e-03, 5.7010e-02, 6.4987e-02, 5.1038e-02,\n",
      "         2.4504e-02, 1.6163e-02],\n",
      "        [1.5005e-02, 9.9740e-01, 3.2319e-03, 1.9707e-02, 2.1661e-02, 2.4049e-02,\n",
      "         1.7559e-02, 9.1769e-03],\n",
      "        [1.1471e-02, 4.2529e-04, 9.7276e-01, 3.8378e-02, 4.8252e-02, 3.9682e-02,\n",
      "         1.8622e-02, 1.6970e-02],\n",
      "        [3.2293e-02, 4.0468e-04, 6.1394e-03, 7.2487e-01, 7.8630e-02, 7.6695e-02,\n",
      "         3.8332e-02, 2.5085e-02],\n",
      "        [1.8499e-02, 2.3706e-04, 3.9583e-03, 3.9755e-02, 4.7608e-01, 1.2042e-01,\n",
      "         3.5911e-02, 3.5666e-02],\n",
      "        [1.6244e-02, 2.8930e-04, 3.6214e-03, 4.3191e-02, 1.3568e-01, 5.1844e-01,\n",
      "         3.4784e-02, 4.2495e-02],\n",
      "        [1.5708e-02, 4.2299e-04, 3.4097e-03, 4.3717e-02, 8.1349e-02, 7.0385e-02,\n",
      "         8.0033e-01, 2.5936e-02],\n",
      "        [1.2041e-02, 2.5662e-04, 3.6074e-03, 3.3375e-02, 9.3364e-02, 9.9287e-02,\n",
      "         2.9964e-02, 8.2851e-01]], device='cuda:0', grad_fn=<SoftmaxBackward0>)\n",
      "Epoch 4\n",
      "-------------------------------\n",
      "loss: 1.357927  [    0/ 6092]\n",
      "tensor([[9.9013e-01, 1.4116e-02, 5.0411e-03, 2.4974e-02, 1.3417e-02, 3.7675e-03,\n",
      "         2.8671e-02, 1.6311e-03],\n",
      "        [2.0515e-03, 9.0953e-01, 1.1073e-02, 3.8123e-02, 2.1611e-02, 3.0588e-03,\n",
      "         4.0806e-02, 1.4774e-03],\n",
      "        [1.6187e-03, 2.3204e-02, 9.6885e-01, 2.6223e-02, 1.5237e-02, 2.3761e-03,\n",
      "         1.7414e-02, 8.5099e-04],\n",
      "        [1.3176e-03, 1.3504e-02, 4.2400e-03, 7.5968e-01, 1.9519e-02, 4.5908e-03,\n",
      "         5.9046e-02, 3.0743e-03],\n",
      "        [1.2295e-03, 1.3221e-02, 4.2592e-03, 3.3698e-02, 8.7855e-01, 4.6186e-03,\n",
      "         3.6802e-02, 2.3005e-03],\n",
      "        [1.2868e-03, 7.1720e-03, 2.4295e-03, 2.9809e-02, 1.7363e-02, 9.6963e-01,\n",
      "         4.7019e-02, 3.1874e-03],\n",
      "        [1.3794e-03, 1.3135e-02, 2.5752e-03, 5.3171e-02, 1.9390e-02, 6.5019e-03,\n",
      "         7.4399e-01, 2.1439e-03],\n",
      "        [9.8613e-04, 6.1149e-03, 1.5303e-03, 3.4324e-02, 1.4916e-02, 5.4569e-03,\n",
      "         2.6254e-02, 9.8533e-01]], device='cuda:0', grad_fn=<SoftmaxBackward0>)\n",
      "loss: 1.335472  [  800/ 6092]\n",
      "tensor([[9.8924e-01, 1.4873e-02, 1.0191e-02, 1.5851e-02, 4.1173e-03, 1.3463e-02,\n",
      "         1.3549e-02, 8.0128e-03],\n",
      "        [1.3549e-03, 8.6644e-01, 1.2893e-02, 2.4179e-02, 1.0001e-02, 1.0827e-02,\n",
      "         7.7387e-03, 1.1016e-02],\n",
      "        [1.1360e-03, 1.5408e-02, 9.1194e-01, 1.4690e-02, 6.0950e-03, 8.1022e-03,\n",
      "         8.4032e-03, 8.9460e-03],\n",
      "        [1.4941e-03, 2.5149e-02, 1.2790e-02, 8.7289e-01, 1.0082e-02, 9.0301e-03,\n",
      "         6.9827e-03, 1.1991e-02],\n",
      "        [9.6336e-04, 2.5029e-02, 1.2795e-02, 2.4258e-02, 9.5324e-01, 6.6023e-03,\n",
      "         7.5107e-03, 8.1372e-03],\n",
      "        [1.9553e-03, 1.7809e-02, 1.1198e-02, 1.4375e-02, 4.4068e-03, 9.3521e-01,\n",
      "         5.1751e-03, 9.9121e-03],\n",
      "        [2.6386e-03, 1.7267e-02, 1.5861e-02, 1.4973e-02, 6.6812e-03, 6.9027e-03,\n",
      "         9.4612e-01, 6.0148e-03],\n",
      "        [1.2189e-03, 1.8023e-02, 1.2329e-02, 1.8784e-02, 5.3714e-03, 9.8675e-03,\n",
      "         4.5198e-03, 9.3597e-01]], device='cuda:0', grad_fn=<SoftmaxBackward0>)\n",
      "loss: 1.290255  [ 1600/ 6092]\n",
      "tensor([[9.2528e-01, 1.1249e-03, 1.2221e-03, 2.0564e-03, 5.8606e-04, 5.0982e-04,\n",
      "         7.5003e-03, 6.0603e-04],\n",
      "        [8.3182e-03, 9.9050e-01, 8.4671e-04, 4.4331e-03, 3.4969e-04, 7.5210e-04,\n",
      "         3.3200e-03, 5.8275e-04],\n",
      "        [8.8871e-03, 8.3652e-04, 9.9155e-01, 2.3488e-03, 4.4255e-04, 6.0203e-04,\n",
      "         3.6546e-03, 5.9196e-04],\n",
      "        [9.7664e-03, 2.9573e-03, 1.5458e-03, 9.8160e-01, 5.0358e-04, 1.2645e-03,\n",
      "         3.2526e-03, 7.0622e-04],\n",
      "        [1.2492e-02, 9.5764e-04, 1.2511e-03, 2.1960e-03, 9.9678e-01, 3.2295e-04,\n",
      "         4.0480e-03, 8.0809e-04],\n",
      "        [6.2249e-03, 1.2563e-03, 1.0290e-03, 3.1914e-03, 2.0573e-04, 9.9514e-01,\n",
      "         3.2534e-03, 5.8363e-04],\n",
      "        [1.8885e-02, 1.0759e-03, 1.2082e-03, 1.6832e-03, 4.7191e-04, 6.2844e-04,\n",
      "         9.6723e-01, 1.0432e-03],\n",
      "        [1.0148e-02, 1.2943e-03, 1.3494e-03, 2.4960e-03, 6.6342e-04, 7.7676e-04,\n",
      "         7.7461e-03, 9.9508e-01]], device='cuda:0', grad_fn=<SoftmaxBackward0>)\n",
      "loss: 1.295326  [ 2400/ 6092]\n",
      "tensor([[9.7240e-01, 4.6984e-03, 7.5580e-03, 9.9612e-04, 2.0486e-03, 3.6579e-03,\n",
      "         8.7950e-03, 3.3947e-03],\n",
      "        [4.3392e-03, 9.7654e-01, 6.8869e-03, 8.6237e-04, 1.9295e-03, 2.6226e-03,\n",
      "         5.9218e-03, 1.9400e-03],\n",
      "        [2.7949e-03, 2.6826e-03, 9.4401e-01, 6.9074e-04, 3.4161e-03, 1.5285e-03,\n",
      "         7.6244e-03, 2.2490e-03],\n",
      "        [3.8004e-03, 3.5062e-03, 7.1655e-03, 9.9465e-01, 1.1329e-03, 1.9438e-03,\n",
      "         4.8579e-03, 2.9878e-03],\n",
      "        [2.2764e-03, 2.2279e-03, 9.5571e-03, 3.5890e-04, 9.8594e-01, 1.1445e-03,\n",
      "         5.2073e-03, 1.3408e-03],\n",
      "        [6.0799e-03, 4.7499e-03, 6.8838e-03, 8.5114e-04, 1.6762e-03, 9.8524e-01,\n",
      "         7.5666e-03, 2.2805e-03],\n",
      "        [4.1490e-03, 3.0324e-03, 1.0256e-02, 6.2168e-04, 2.3831e-03, 2.1563e-03,\n",
      "         9.5234e-01, 2.9668e-03],\n",
      "        [4.1595e-03, 2.5631e-03, 7.6863e-03, 9.6715e-04, 1.4769e-03, 1.7067e-03,\n",
      "         7.6901e-03, 9.8284e-01]], device='cuda:0', grad_fn=<SoftmaxBackward0>)\n",
      "loss: 1.329324  [ 3200/ 6092]\n",
      "tensor([[7.5883e-01, 1.2998e-02, 4.6756e-03, 2.1959e-02, 1.6612e-03, 5.5306e-04,\n",
      "         2.5583e-04, 1.0234e-02],\n",
      "        [5.2584e-02, 9.3968e-01, 3.9561e-03, 2.7118e-02, 1.3519e-03, 5.4796e-04,\n",
      "         3.1382e-04, 8.2689e-03],\n",
      "        [4.1821e-02, 8.8207e-03, 9.7333e-01, 1.4516e-02, 1.6559e-03, 5.9379e-04,\n",
      "         3.3067e-04, 1.4136e-02],\n",
      "        [4.0062e-02, 1.2253e-02, 3.1352e-03, 8.8399e-01, 9.8329e-04, 6.1880e-04,\n",
      "         2.4339e-04, 1.0252e-02],\n",
      "        [2.8869e-02, 6.1497e-03, 3.3587e-03, 9.2422e-03, 9.9115e-01, 5.3501e-04,\n",
      "         1.5969e-04, 6.7827e-03],\n",
      "        [2.0654e-02, 5.4123e-03, 2.6767e-03, 1.2661e-02, 1.1495e-03, 9.9599e-01,\n",
      "         2.0314e-04, 7.8748e-03],\n",
      "        [2.3718e-02, 7.7405e-03, 3.6858e-03, 1.2178e-02, 7.9180e-04, 4.8918e-04,\n",
      "         9.9816e-01, 9.8933e-03],\n",
      "        [3.3463e-02, 6.9433e-03, 5.1815e-03, 1.8334e-02, 1.2520e-03, 6.7290e-04,\n",
      "         3.3361e-04, 9.3256e-01]], device='cuda:0', grad_fn=<SoftmaxBackward0>)\n",
      "loss: 1.288068  [ 4000/ 6092]\n",
      "tensor([[9.9510e-01, 5.7283e-04, 1.6710e-03, 4.4128e-03, 1.5775e-03, 1.2368e-04,\n",
      "         2.3687e-03, 3.0185e-04],\n",
      "        [5.0516e-04, 9.9270e-01, 4.7947e-03, 5.0941e-03, 2.0537e-03, 7.4842e-05,\n",
      "         3.5786e-03, 5.9899e-04],\n",
      "        [4.2999e-04, 1.3788e-03, 9.7001e-01, 9.6974e-03, 3.9697e-03, 4.4058e-05,\n",
      "         3.6840e-03, 5.6156e-04],\n",
      "        [8.2293e-04, 1.0084e-03, 6.7193e-03, 9.5129e-01, 6.1432e-03, 7.6811e-05,\n",
      "         4.3950e-03, 3.5348e-04],\n",
      "        [5.9340e-04, 8.5084e-04, 5.6408e-03, 1.2537e-02, 9.7871e-01, 4.1307e-05,\n",
      "         4.3798e-03, 3.6187e-04],\n",
      "        [9.5838e-04, 6.5068e-04, 1.3811e-03, 3.3499e-03, 9.2505e-04, 9.9951e-01,\n",
      "         6.0252e-04, 3.8992e-04],\n",
      "        [1.0140e-03, 1.5776e-03, 5.6787e-03, 9.8194e-03, 4.7684e-03, 2.6609e-05,\n",
      "         9.7955e-01, 2.9883e-04],\n",
      "        [5.7967e-04, 1.2626e-03, 4.0998e-03, 3.7972e-03, 1.8550e-03, 9.9511e-05,\n",
      "         1.4382e-03, 9.9713e-01]], device='cuda:0', grad_fn=<SoftmaxBackward0>)\n",
      "loss: 1.297531  [ 4800/ 6092]\n",
      "tensor([[9.6573e-01, 8.5780e-04, 1.0314e-04, 3.3957e-04, 8.5457e-04, 2.3952e-02,\n",
      "         4.6612e-03, 3.1325e-04],\n",
      "        [4.8736e-03, 9.9261e-01, 2.4207e-04, 5.6592e-04, 1.3389e-03, 1.4449e-02,\n",
      "         7.4931e-03, 1.7052e-04],\n",
      "        [3.2729e-03, 1.4834e-03, 9.9899e-01, 5.4631e-04, 7.6194e-04, 7.1670e-03,\n",
      "         5.6423e-03, 1.8409e-04],\n",
      "        [4.8429e-03, 1.4043e-03, 2.2178e-04, 9.9752e-01, 9.1053e-04, 1.0355e-02,\n",
      "         4.2170e-03, 1.5179e-04],\n",
      "        [3.7328e-03, 1.0212e-03, 1.0381e-04, 2.8959e-04, 9.9290e-01, 2.1301e-02,\n",
      "         4.7434e-03, 2.0100e-04],\n",
      "        [6.4865e-03, 7.4868e-04, 7.5086e-05, 2.3166e-04, 1.2955e-03, 8.6829e-01,\n",
      "         6.8438e-03, 3.5395e-04],\n",
      "        [4.7771e-03, 1.2885e-03, 1.6450e-04, 3.0638e-04, 1.0945e-03, 2.7304e-02,\n",
      "         9.5987e-01, 3.4020e-04],\n",
      "        [6.2800e-03, 5.8477e-04, 1.0442e-04, 2.0532e-04, 8.4601e-04, 2.7186e-02,\n",
      "         6.5327e-03, 9.9829e-01]], device='cuda:0', grad_fn=<SoftmaxBackward0>)\n",
      "loss: 1.283497  [ 5600/ 6092]\n",
      "tensor([[9.7375e-01, 4.3426e-03, 6.4866e-04, 5.4958e-04, 3.4172e-05, 1.4092e-04,\n",
      "         3.5612e-04, 3.0735e-03],\n",
      "        [5.2202e-03, 9.7538e-01, 4.9967e-04, 9.6521e-04, 4.6739e-05, 1.5780e-04,\n",
      "         3.8125e-04, 2.3123e-03],\n",
      "        [4.1465e-03, 2.5576e-03, 9.9433e-01, 4.9567e-04, 3.0717e-05, 1.7913e-04,\n",
      "         5.7805e-04, 9.2325e-03],\n",
      "        [3.3086e-03, 5.5198e-03, 4.9468e-04, 9.9529e-01, 3.9097e-05, 1.9200e-04,\n",
      "         5.2893e-04, 2.7756e-03],\n",
      "        [2.2126e-03, 2.9979e-03, 3.5788e-04, 4.6735e-04, 9.9965e-01, 2.1069e-04,\n",
      "         9.1819e-04, 1.9109e-03],\n",
      "        [3.6510e-03, 3.6267e-03, 7.6468e-04, 8.4167e-04, 7.1564e-05, 9.9888e-01,\n",
      "         2.7908e-04, 2.5072e-03],\n",
      "        [2.7030e-03, 2.5692e-03, 7.5762e-04, 7.0371e-04, 9.1564e-05, 9.1525e-05,\n",
      "         9.9628e-01, 3.6691e-03],\n",
      "        [5.0059e-03, 3.0013e-03, 2.1432e-03, 6.8798e-04, 3.9671e-05, 1.4684e-04,\n",
      "         6.7737e-04, 9.7452e-01]], device='cuda:0', grad_fn=<SoftmaxBackward0>)\n",
      "Epoch 5\n",
      "-------------------------------\n",
      "loss: 1.281639  [    0/ 6092]\n",
      "tensor([[9.9878e-01, 4.4043e-04, 1.0965e-03, 2.7369e-04, 5.4375e-03, 1.1789e-03,\n",
      "         4.2673e-04, 6.3752e-04],\n",
      "        [1.3043e-04, 9.8790e-01, 1.5409e-03, 1.8915e-04, 1.0735e-03, 1.1202e-03,\n",
      "         5.0145e-03, 1.0724e-03],\n",
      "        [8.5266e-05, 3.7844e-04, 9.8322e-01, 3.6740e-04, 1.4528e-03, 1.9429e-03,\n",
      "         3.6521e-04, 1.5735e-03],\n",
      "        [1.3923e-04, 3.3732e-04, 2.8990e-03, 9.9791e-01, 1.0469e-03, 2.4020e-03,\n",
      "         3.3451e-04, 1.0737e-03],\n",
      "        [4.6124e-04, 3.7043e-04, 2.1100e-03, 2.0508e-04, 9.8487e-01, 1.2914e-03,\n",
      "         6.9176e-04, 7.4894e-04],\n",
      "        [1.2741e-04, 4.1314e-04, 3.1306e-03, 4.7568e-04, 1.3962e-03, 9.8869e-01,\n",
      "         2.3378e-04, 1.7686e-03],\n",
      "        [1.8036e-04, 9.6306e-03, 2.2567e-03, 2.6603e-04, 3.5739e-03, 7.7262e-04,\n",
      "         9.9256e-01, 1.0477e-03],\n",
      "        [1.0043e-04, 5.3399e-04, 3.7506e-03, 3.1694e-04, 1.1506e-03, 2.5981e-03,\n",
      "         3.7720e-04, 9.9208e-01]], device='cuda:0', grad_fn=<SoftmaxBackward0>)\n",
      "loss: 1.278930  [  800/ 6092]\n",
      "tensor([[9.9959e-01, 7.5756e-04, 1.0845e-04, 2.2444e-04, 3.4028e-05, 4.6368e-04,\n",
      "         1.7676e-04, 2.6533e-03],\n",
      "        [6.3546e-05, 9.9413e-01, 3.9652e-04, 1.1971e-04, 4.9560e-05, 4.2260e-04,\n",
      "         2.1867e-04, 9.3955e-03],\n",
      "        [2.7625e-05, 8.6229e-04, 9.9813e-01, 6.4907e-05, 4.9016e-05, 5.4938e-04,\n",
      "         1.1159e-04, 2.7152e-03],\n",
      "        [1.0436e-04, 6.6187e-04, 1.2446e-04, 9.9901e-01, 3.0183e-05, 4.5311e-04,\n",
      "         3.3039e-04, 3.6930e-03],\n",
      "        [5.0525e-05, 9.4121e-04, 4.3550e-04, 9.3838e-05, 9.9968e-01, 3.8505e-04,\n",
      "         3.3728e-04, 6.8531e-03],\n",
      "        [6.8271e-05, 7.4525e-04, 4.6044e-04, 1.4302e-04, 3.8000e-05, 9.9691e-01,\n",
      "         1.7690e-04, 5.4518e-03],\n",
      "        [5.9571e-05, 8.9073e-04, 1.6354e-04, 2.4170e-04, 6.9475e-05, 4.0127e-04,\n",
      "         9.9852e-01, 2.8724e-03],\n",
      "        [4.0350e-05, 1.0121e-03, 1.8479e-04, 1.0405e-04, 4.4914e-05, 4.1089e-04,\n",
      "         1.2588e-04, 9.6637e-01]], device='cuda:0', grad_fn=<SoftmaxBackward0>)\n",
      "loss: 1.278803  [ 1600/ 6092]\n",
      "tensor([[9.8168e-01, 9.2565e-04, 2.6682e-04, 7.6174e-04, 7.4302e-04, 1.3519e-03,\n",
      "         1.4582e-04, 1.6144e-04],\n",
      "        [4.2377e-03, 9.9669e-01, 3.0218e-04, 4.0148e-04, 2.8155e-04, 1.4624e-03,\n",
      "         1.9574e-04, 9.4590e-05],\n",
      "        [1.4506e-03, 3.5579e-04, 9.9749e-01, 8.0930e-04, 6.3388e-04, 1.2040e-03,\n",
      "         1.5923e-04, 9.1936e-05],\n",
      "        [2.7639e-03, 3.2090e-04, 5.4104e-04, 9.9615e-01, 7.6812e-04, 1.1130e-03,\n",
      "         1.3728e-04, 7.1621e-05],\n",
      "        [1.8265e-03, 1.6098e-04, 2.9039e-04, 5.1352e-04, 9.9397e-01, 1.5505e-03,\n",
      "         1.7462e-04, 1.5087e-04],\n",
      "        [2.2657e-03, 5.3507e-04, 3.6959e-04, 5.0343e-04, 1.0981e-03, 9.8949e-01,\n",
      "         2.3065e-04, 1.4106e-04],\n",
      "        [1.9027e-03, 5.8423e-04, 3.8861e-04, 4.8268e-04, 9.7673e-04, 1.9076e-03,\n",
      "         9.9882e-01, 8.8939e-05],\n",
      "        [3.8679e-03, 4.3071e-04, 3.5274e-04, 3.7925e-04, 1.5317e-03, 1.9160e-03,\n",
      "         1.4154e-04, 9.9920e-01]], device='cuda:0', grad_fn=<SoftmaxBackward0>)\n",
      "loss: 1.277785  [ 2400/ 6092]\n",
      "tensor([[9.9685e-01, 2.8880e-04, 1.5098e-03, 4.1538e-04, 5.7854e-04, 3.7714e-05,\n",
      "         6.6218e-04, 1.6226e-04],\n",
      "        [4.3007e-04, 9.9861e-01, 6.2165e-04, 5.5562e-04, 6.4277e-04, 3.4345e-05,\n",
      "         4.6806e-04, 4.7050e-05],\n",
      "        [5.0368e-04, 1.2280e-04, 9.9026e-01, 4.0415e-04, 1.0769e-03, 2.7168e-05,\n",
      "         1.0040e-03, 1.5508e-04],\n",
      "        [3.6581e-04, 3.2218e-04, 1.0358e-03, 9.9692e-01, 9.1971e-04, 1.5037e-05,\n",
      "         9.2580e-04, 7.7515e-05],\n",
      "        [2.6308e-04, 1.7462e-04, 1.5033e-03, 4.9754e-04, 9.9139e-01, 5.4329e-05,\n",
      "         1.4051e-03, 1.7530e-04],\n",
      "        [4.5028e-04, 2.6146e-04, 8.3605e-04, 1.2879e-04, 1.5313e-03, 9.9964e-01,\n",
      "         2.8069e-03, 1.5543e-04],\n",
      "        [4.0461e-04, 1.5048e-04, 2.1035e-03, 7.7045e-04, 2.1664e-03, 1.3973e-04,\n",
      "         9.9075e-01, 3.0140e-04],\n",
      "        [7.2925e-04, 7.4264e-05, 2.1298e-03, 3.1209e-04, 1.6952e-03, 5.2440e-05,\n",
      "         1.9780e-03, 9.9893e-01]], device='cuda:0', grad_fn=<SoftmaxBackward0>)\n",
      "loss: 1.280879  [ 3200/ 6092]\n",
      "tensor([[9.8141e-01, 3.0710e-05, 1.7261e-03, 1.3975e-03, 1.2810e-03, 1.5150e-03,\n",
      "         1.4831e-03, 1.9742e-04],\n",
      "        [2.5953e-03, 9.9978e-01, 5.4311e-04, 1.5868e-03, 2.3833e-04, 2.9904e-03,\n",
      "         9.9117e-04, 1.6723e-04],\n",
      "        [2.4354e-03, 1.3524e-05, 9.8991e-01, 3.4542e-04, 3.4165e-03, 8.8141e-04,\n",
      "         1.8259e-03, 2.6445e-04],\n",
      "        [4.1673e-03, 4.9560e-05, 5.8372e-04, 9.9330e-01, 4.5850e-04, 2.1849e-03,\n",
      "         9.6481e-04, 2.8618e-04],\n",
      "        [1.7048e-03, 9.7672e-06, 2.3047e-03, 3.2224e-04, 9.8978e-01, 4.8437e-04,\n",
      "         1.4029e-03, 3.8764e-04],\n",
      "        [3.7634e-03, 7.6117e-05, 1.3885e-03, 1.8954e-03, 5.5628e-04, 9.9021e-01,\n",
      "         8.9743e-04, 4.6211e-04],\n",
      "        [2.8105e-03, 2.3647e-05, 2.6311e-03, 6.2702e-04, 2.6444e-03, 7.4967e-04,\n",
      "         9.9120e-01, 4.7242e-04],\n",
      "        [1.1137e-03, 1.4079e-05, 9.1447e-04, 5.3035e-04, 1.6246e-03, 9.7971e-04,\n",
      "         1.2340e-03, 9.9776e-01]], device='cuda:0', grad_fn=<SoftmaxBackward0>)\n",
      "loss: 1.280494  [ 4000/ 6092]\n",
      "tensor([[9.9120e-01, 9.0810e-04, 3.2128e-03, 9.2063e-06, 8.9496e-04, 6.6350e-03,\n",
      "         2.0061e-04, 3.6861e-04],\n",
      "        [9.1725e-04, 9.9445e-01, 1.0967e-03, 1.1335e-05, 1.1012e-03, 1.4301e-03,\n",
      "         2.5643e-04, 2.5653e-04],\n",
      "        [1.8287e-03, 5.6640e-04, 9.8390e-01, 1.3796e-05, 9.6739e-04, 6.1403e-03,\n",
      "         2.3429e-04, 4.4779e-04],\n",
      "        [4.9217e-04, 5.7110e-04, 1.3999e-03, 9.9989e-01, 7.4844e-04, 1.2619e-03,\n",
      "         5.2931e-04, 3.6124e-04],\n",
      "        [9.4603e-04, 1.2096e-03, 1.7858e-03, 1.3744e-05, 9.9278e-01, 1.4845e-03,\n",
      "         2.4097e-04, 5.5854e-04],\n",
      "        [2.6193e-03, 6.0868e-04, 4.3005e-03, 1.0778e-05, 6.4236e-04, 9.7954e-01,\n",
      "         1.9112e-04, 2.7837e-04],\n",
      "        [6.8249e-04, 8.5477e-04, 1.3957e-03, 2.7232e-05, 7.7206e-04, 1.3938e-03,\n",
      "         9.9798e-01, 3.5313e-04],\n",
      "        [1.3152e-03, 8.3542e-04, 2.9051e-03, 2.0453e-05, 2.0981e-03, 2.1179e-03,\n",
      "         3.6618e-04, 9.9738e-01]], device='cuda:0', grad_fn=<SoftmaxBackward0>)\n",
      "loss: 1.282125  [ 4800/ 6092]\n",
      "tensor([[9.9945e-01, 4.1826e-05, 2.6777e-04, 2.6038e-03, 1.8200e-03, 2.4953e-03,\n",
      "         1.0604e-04, 4.4009e-04],\n",
      "        [6.2668e-05, 9.9946e-01, 5.7296e-04, 1.8390e-03, 1.8744e-03, 7.5791e-03,\n",
      "         2.8924e-04, 1.9258e-03],\n",
      "        [6.7309e-05, 8.0956e-05, 9.9632e-01, 1.5725e-03, 1.2420e-03, 5.0608e-03,\n",
      "         6.2660e-04, 6.3992e-04],\n",
      "        [1.6009e-04, 5.9984e-05, 3.4876e-04, 9.8642e-01, 4.6874e-03, 3.5133e-03,\n",
      "         1.4849e-04, 7.7562e-04],\n",
      "        [7.7836e-05, 4.8584e-05, 2.3896e-04, 2.6116e-03, 9.8298e-01, 3.3531e-03,\n",
      "         1.9553e-04, 5.6755e-04],\n",
      "        [7.3679e-05, 1.0219e-04, 5.3534e-04, 1.7963e-03, 2.6295e-03, 9.6522e-01,\n",
      "         2.3540e-04, 1.6950e-03],\n",
      "        [4.8109e-05, 8.4504e-05, 1.3813e-03, 1.2828e-03, 2.9329e-03, 4.5206e-03,\n",
      "         9.9823e-01, 6.6496e-04],\n",
      "        [5.7730e-05, 1.1950e-04, 3.3578e-04, 1.8698e-03, 1.8303e-03, 8.2591e-03,\n",
      "         1.7265e-04, 9.9329e-01]], device='cuda:0', grad_fn=<SoftmaxBackward0>)\n",
      "loss: 1.281002  [ 5600/ 6092]\n",
      "tensor([[9.6333e-01, 1.9297e-05, 2.0482e-03, 6.3986e-04, 2.2689e-03, 7.6344e-06,\n",
      "         5.5060e-05, 8.5631e-04],\n",
